*******************new*record*******************
nY= 2
nX= 2
Y[0]= 0.474999994
Y[1]= 0.7300000191
array of X[0] with 400 elements
0.9555644393
0.9964156747
0.9510939121
0.9998652935
0.9997963905
0.9747703075
0.9782969356
0.9787103534
0.9612420201
0.9289411902
0.9338416457
0.9116068482
0.9288921952
0.8807795048
0.9396537542
0.9111523628
0.8837690949
0.797226429
0.8060470819
0.8145208359
0.8460839987
0.8178787827
0.7381259799
0.7497264743
0.7457462549
0.6962969899
0.6988605261
0.675567627
0.6858642697
0.6648133993
0.6578111053
0.5862868428
0.6067083478
0.6281825304
0.5592839122
0.5733778477
0.5196475387
0.5445661545
0.5261647105
0.5600372553
0.5361164212
0.4732772112
0.4945078492
0.5285563469
0.4767850935
0.5044410825
0.4729968011
0.4074235559
0.4497596025
0.4489224851
0.4536004364
0.4601376951
0.4334210455
0.4252747297
0.4211130738
0.4136927426
0.4442841113
0.4065615833
0.3740100563
0.4119663239
0.3830156326
0.3898126483
0.4208241105
0.4144440591
0.391649425
0.4302727878
0.3882646561
0.3759067059
0.3627616763
0.3703905344
0.4004406035
0.3879392445
0.3834758103
0.3717456162
0.4139349461
0.3899877965
0.3959864974
0.355386585
0.3770293593
0.3838983774
0.374604851
0.3144753873
0.34166044
0.3628157377
0.3025313914
0.3195847571
0.3376506269
0.3306748569
0.284815222
0.2932748497
0.3313284516
0.3166425228
0.3632723391
0.3191343546
0.3359802067
0.3185828328
0.3089798093
0.3259249032
0.3087244034
0.2744628489
0.2852618992
0.2902282178
0.2561991215
0.2822919786
0.3022897243
0.2692205012
0.2607561648
0.2559612095
0.2805882692
0.3136327565
0.2784131765
0.2187005877
0.2091554999
0.263744086
0.2450782657
0.2796233892
0.2409612387
0.2406524867
0.2244852334
0.2312321514
0.2416586727
0.2523868084
0.2556818724
0.2492551953
0.176989302
0.2392087579
0.238199681
0.1888929904
0.2015924007
0.2011998892
0.1975237131
0.1973659396
0.1935314536
0.1694037914
0.1972838938
0.2147738338
0.2203814238
0.1465998441
0.2240393907
0.1569430828
0.1659118235
0.1591760367
0.1622751504
0.165283829
0.1698554456
0.1338531673
0.1663341522
0.1515413374
0.1487236768
0.189755559
0.098634772
0.140726164
0.1488210261
0.160752967
0.1053668037
0.1410504878
0.1149040014
0.08011554182
0.1248521358
0.1105244756
0.136164546
0.1489829421
0.1162084714
0.1137077734
0.1412754208
0.1240982562
0.09680239856
0.086645253
0.07646116614
0.06392526627
0.08246887475
0.08103328943
0.1134655923
0.09880711138
0.1120451018
0.1235792935
0.04009937868
0.04114733636
0.08386360854
0.08043857664
0.0551604256
0.1228013039
0.07481123507
0.07565329969
0.08979447931
0.1032648161
0.08801598102
0.1036512032
0.03310792893
0.05056149885
0.05442747101
0.06307535619
0.06184848398
0.07110720128
0.07443086058
0.03485444561
0.08488991857
0.09536971152
0.06881957501
0.01439360064
0.01563432254
0.0315714851
0.09043844789
0.0474203676
0.05856156349
0.05355931073
0.03202120587
0.006558247376
0.06494019926
0.04662793502
0.01947136223
0.03976839036
0.02046311647
0.05521855131
0.08204768598
0.05556694791
0.04014481604
0.03964176774
0.03359159455
0.03415191546
-0.0140526332
0.08008177578
0.02065851353
-0.009588192217
0.05239620805
0.04570589587
0.004249637015
0.0005979459384
0.02892928198
0.01171333715
0.007878793404
0.06972134113
0.02284347638
0.02244987339
-0.02559393272
0.02628330141
0.02070971206
0.02541743778
0.06041470915
0.03343006223
0.0253865011
-0.00494713895
-0.001878621755
0.01726407185
0.05663522705
0.04878027365
-0.03064034879
0.01509537641
-0.005338720977
0.0268667601
-0.03384261206
0.01320701651
-0.01866262965
0.01024624612
-0.01937645115
0.005183685571
0.0454874374
0.007243556902
-0.00337069924
-0.0123947449
0.01045603212
-0.01132453233
-0.0009723425028
-0.01235355064
-0.0003544253123
-0.01031068526
0.02439928055
-0.04139469191
0.02034871466
0.00849654898
0.0005711782724
0.007301956415
0.01106347423
0.0415920727
-0.0213779211
0.01228767633
0.01092816703
-0.02012643404
-0.01262512617
0.04903884232
-0.001875484479
0.005511010066
-0.01869765297
-0.005496806465
0.001271830639
0.000803197443
0.004576147534
0.005041131284
0.01289280318
0.01495932881
0.006064253859
0.04278963059
0.05210362375
0.02224279568
-0.01753123291
0.003950761631
0.004848130047
0.003095941618
0.004891522229
0.02399277687
0.003630581778
0.002738492098
0.01237711776
0.0005403897376
-0.005300787743
0.005549097434
0.04953167215
0.003044556594
0.01510807034
-0.02025534026
0.003259672085
0.001923257485
0.001239871024
0.001525763306
0.001314944937
0.00734929461
0.01250196435
-0.04442936555
0.03604560718
0.006561925169
0.03512525186
-0.01058273297
0.03262867406
0.02018624358
0.009700610302
-0.009232891724
-0.01567231305
0.0006872460945
0.001143423258
0.007521776948
0.04869510606
0.0009276701021
0.02376005612
0.01073161978
0.0008584578172
0.0008095898083
-0.03691472113
-0.0469577536
-0.04537356272
0.05031646043
-0.04064761847
-0.03329398483
0.0002393055911
0.0005798779894
0.02147161961
0.01302106772
-0.04189937934
0.00983953476
-0.008759111166
0.003254605457
0.01831562445
0.008639276028
0.004572716076
-0.0000725444188
-0.0295117218
-0.01082074456
0.006987223402
0.01074247248
0.02783763595
-0.004709168337
0.01223591529
-0.02796597593
-0.03690346703
0.01352860685
-0.01207825169
-0.002112463815
-0.0139714703
-0.007065935526
-0.0269500874
0.00538197998
0.02050933614
0.002107328968
0.0008239353192
0.0009821769781
0.04288944602
-0.03601787239
0.0387660712
-0.04715698957
0.0439886339
0.02545318753
0.008112190291
0.000185539815
0.005203103181
0.0003540147736
-0.03039160371
-0.01652363501
0.01938325539
0.0103834467
-0.003862625221
0.01614352129
-0.01590471901
0.01941283792
0.0003994949511
-0.007260092068
-0.03714743257
0.005882225931
0.0004827807134
0.0478470549
-0.04892747849
-0.008284231648
array of X[1] with 60 elements
0.009402455762
0.1403874159
0.2655065656
0.3781344891
0.4791111648
0.5479861498
0.62259835
0.6776497364
0.7197601795
0.7594707012
0.8022243381
0.8223772645
0.84703058
0.8795983791
0.8883155584
0.9075050354
0.9224809408
0.9327453971
0.9458357096
0.957847476
0.9493126273
0.9589992762
0.9704425335
0.9733498693
0.977439642
0.9809454679
0.9845705032
0.9909481406
0.9840193987
0.9899892807
0.9862869978
0.9901174903
0.9864450693
0.9933458567
0.9989484549
0.9902586937
0.9899821877
0.9974553585
0.9928429127
0.9972164035
0.9988083243
1.007914066
0.9987850189
0.9994881749
0.9990693331
1.00584054
0.9971291423
0.9937044382
1.000965834
0.9933584929
0.9978691936
0.9957242608
0.9944955707
0.9999518991
0.9998958707
1.003646016
0.9998665452
1.007561088
0.9990034699
0.9965326786
