*******************new*record*******************
nY= 2
nX= 2
Y[0]= 0.9250000119
Y[1]= 1
array of X[0] with 400 elements
0.9923506975
1.018334508
1.017850041
1.035014153
0.9814616442
0.9738522172
0.9486502409
0.950443089
0.9287056923
0.932644248
0.8910577297
0.8790313005
0.8501831293
0.8130706549
0.7553767562
0.780018568
0.7353127003
0.7168041468
0.6724732518
0.6879552603
0.6079013348
0.5990351439
0.5593379736
0.5056377053
0.5010275245
0.4795677662
0.4173304141
0.423694551
0.4048819542
0.3219368756
0.3749122918
0.3167313635
0.2637385428
0.2711611986
0.2658661008
0.2114969939
0.2168087959
0.178945601
0.1408077627
0.1058474481
0.1580922306
0.1196853667
0.1039273366
0.05961313471
0.0840299204
0.06718856841
0.08660645783
0.01590832695
0.05154855922
0.04835026339
-0.007926494814
0.02056508884
0.04160341993
0.04574504867
0.06928686798
0.02335168235
0.000150976397
0.01570314169
0.03073643148
-0.0005376387271
0.02256745286
0.01778488792
-0.005283504259
0.008745501749
0.06767605245
0.02401847765
-0.01016903669
-0.001514501055
0.02532302774
0.0260379184
0.03053433448
0.03659487516
0.03567545861
-0.007312477566
0.03772592917
0.03669075668
0.03463570401
0.06833603233
0.04327140003
0.02326367423
0.02469564416
0.04286694899
0.01888893358
0.01140323188
0.08975150436
0.03721721843
0.04799918085
0.07843736559
0.05216357484
0.05667904392
0.05059076846
0.04866583273
0.04901093617
0.08071732521
0.00398987392
0.03409964591
0.03068177775
0.03629989177
0.0560274832
0.06676627696
0.05418574437
0.05095993727
0.03436266631
0.05716152489
0.08554461598
0.06170810759
0.03507755697
0.08312914521
0.03504398465
0.0327912122
0.03785070777
0.03905791789
0.04310815036
0.05133495852
0.07160410285
0.03339830413
0.04275526479
0.0309274178
0.04809885472
0.06782609224
0.07871712744
0.03359725326
0.08928453922
0.03759505972
0.03784384206
0.07058800012
0.0588481687
0.006625408307
0.03531441465
0.03525379673
0.07372765988
0.03021230176
0.06843394041
0.03732578456
0.03070306405
0.03415714204
0.008426020853
0.0322184898
0.02578042075
0.03089680523
0.03437332436
0.03186732903
0.05423308536
0.06715068966
0.03057408333
-0.01772779785
0.07049883157
0.03169450536
-0.007447455544
0.02901448123
0.05801781267
0.02759330161
-0.004496997688
0.004876910709
0.07660368085
0.02586200088
0.0672948584
0.02286140807
0.01450989395
0.02510981634
0.0210584458
0.072313115
0.04260702059
0.02298606187
0.02336278185
0.007570205256
0.05520938709
0.07049847394
0.07078184187
0.03457173705
0.03347404674
0.01902930439
0.02079340816
-0.01253091823
0.02183557115
0.009552529082
0.02727409266
0.01604876295
-0.001253044233
0.004694399424
0.03151627257
-0.003400361165
0.03399598971
0.01589422859
0.02098812349
0.04168073088
0.05148496106
0.01258727536
0.01721253991
0.007641234435
-0.01238345727
0.02083524875
-0.005010928959
0.01902629063
0.01735248789
0.007972255349
0.05219373852
0.0544468835
0.05133081228
0.0541793853
0.01352267805
-0.03093758039
0.04324597865
-0.02916575223
0.01410612091
0.03842878342
0.03962840512
0.01177207008
-0.03663727269
0.003772914177
0.02090437151
0.03740100935
0.02860008925
-0.01453791186
0.02835376002
0.009838273749
0.0204776153
0.03056858107
0.02456720546
-0.0158535745
0.04187629372
0.01022609882
0.025778763
-0.01171101071
0.04643888026
0.002536344575
0.01981406286
-0.02451244555
-0.007831879891
0.007762575522
0.007352065295
0.03211737424
-0.01332603302
-0.01628951728
-0.007450961042
-0.02320732735
-0.01897510141
0.009984615259
-0.0294929035
0.01331606042
0.05160023645
-0.01195454691
0.02342008613
0.03370462358
0.01389764715
0.01106135454
0.005479485262
0.02666803449
0.03713826835
0.02924888954
0.03776466474
0.01839050837
0.04050995409
-0.01352930255
-0.008534240536
0.002792753978
0.001958837034
-0.002135534771
0.005850200076
0.004112572409
0.002791876439
0.004657349549
0.05282704532
0.01564086974
-0.03392193466
0.005787145346
-0.006607327145
0.01117023453
0.0110175889
-0.007051635534
-0.01716135815
-0.0009204745875
0.007928704843
0.03319086134
0.04643998668
0.02591538057
0.008248050697
0.01483695582
0.01465849765
0.02548715658
0.03916419297
0.04852125421
0.001392019796
0.003914842382
0.003120712237
-0.01300475094
-0.04088720307
0.01981045492
0.01651061326
0.00880570896
0.002495529829
0.001569936518
0.004247300792
-0.005067333113
-0.0335890092
-0.004178711679
-0.00157333503
0.001747829723
-0.008443141356
-0.04095294327
-0.04098782688
-0.04545134678
0.008565547876
-0.01181479171
0.001626697835
-0.03506002575
0.03443148732
0.01747685112
0.05050760508
0.03591223434
-0.01145034563
0.008638399653
0.04559911788
0.02406576835
0.0009914190741
-0.01351594646
0.009924608283
-0.0006369595067
-0.005030540284
0.001888770727
-0.007537244819
0.0006572490092
0.01009891462
0.0005777088809
0.01334595494
-0.002160303527
-0.002312402707
0.00299022533
0.01483509783
-0.0399196744
-0.004044763278
0.0006681910018
-0.01932327822
0.02241157927
0.009535805322
0.006321151275
-0.002612810116
-0.0237733461
0.0002240321337
0.001953752013
-0.02337422594
-0.04763825983
0.003651857143
-0.001151831239
0.02881438658
-0.003882147372
0.01774396747
0.02875171602
0.0430637151
-0.0001976342028
0.0003821880964
-0.02120748162
-0.01467960421
0.001607732149
0.008432170376
-0.0008350312128
0.0003357980167
0.008741874248
0.0009444019524
0.0002635704295
-0.00325248274
-0.0002473734785
0.006603879854
-0.01357165538
0.03261329234
0.03961474076
0.03045702912
0.0113694733
0.01819383167
-0.02729859203
-0.02730063349
-0.008578293957
-0.01221684366
-0.0153409671
-0.03760407493
0.008895173669
-0.01685549505
-0.004228632897
0.0007459583576
0.01038266998
-0.01768772304
0.000314285222
-0.005915645044
-0.0007560498198
-0.01071849838
0.002415802795
-0.04859404266
-0.02830746025
-0.01758459583
-0.002037424827
0.001780412276
0.01569881104
-0.02473136038
-0.04903783649
0.003325845813
0.01237529889
0.02908940613
-0.01848156378
0.0118995728
-0.006288995966
array of X[1] with 60 elements
-0.0007025036612
0.06484055519
0.116437152
0.1770313233
0.2216553092
0.2773146331
0.320553571
0.3653239608
0.4055570662
0.4426685572
0.4755922854
0.5073019266
0.5367407799
0.5747785568
0.5897803307
0.6217953563
0.6480549574
0.6687887311
0.6906684637
0.7095171213
0.7321010232
0.737110734
0.7606556416
0.7756793499
0.7890301347
0.8023193479
0.8215836287
0.8331514001
0.8450491428
0.8481703401
0.8587884903
0.8618975282
0.8815177679
0.8787999153
0.8904914856
0.8979513049
0.8975362778
0.9095436931
0.9178325534
0.9219424129
0.9257284999
0.9238982201
0.9250392318
0.9343256354
0.942807138
0.9471638799
0.9497591257
0.9471589923
0.9621593952
0.9586218596
0.9576467872
0.9654502273
0.9673828483
0.95995152
0.9688198566
0.9705438614
0.9798185229
0.9804591537
0.9793797135
0.9738405943
