*******************new*record*******************
nY= 2
nX= 2
Y[0]= 0.7250000238
Y[1]= 0.3610000014
array of X[0] with 400 elements
0.9946860075
0.9884266853
1.030440569
0.9902279973
1.015447617
1.015000343
0.942389369
0.9595735073
0.9431035519
0.936626792
0.8844176531
0.9422698021
0.9093436599
0.8565209508
0.8259120584
0.8657137156
0.8059796691
0.7680507898
0.7620994449
0.7263557911
0.6814834476
0.6757304072
0.6735568047
0.6447811723
0.5933839679
0.5868074894
0.5698034763
0.506741643
0.5079353452
0.4706204832
0.4953682423
0.4734939635
0.385152936
0.4010386467
0.3833622932
0.3647624254
0.3557399511
0.376388818
0.2986072898
0.3322092891
0.3064884543
0.2712335587
0.2578195632
0.2256825566
0.2428421825
0.2581156492
0.2394405156
0.2226753235
0.206500873
0.2347629517
0.1853533536
0.1627909541
0.1849809587
0.1788344234
0.1807691604
0.1732186079
0.1332942098
0.1835257858
0.2028645724
0.1490720958
0.1585206836
0.1670956612
0.1455274671
0.1568017602
0.1481581032
0.1618935764
0.1335502565
0.1434146762
0.1928198189
0.1723250002
0.1832035333
0.1074249297
0.1159951985
0.1263424158
0.1349284947
0.144211188
0.1128488407
0.155717507
0.09596719593
0.1416999847
0.1425957233
0.1026549116
0.1838807017
0.1695045084
0.1569120586
0.1375392228
0.1201239303
0.1282723546
0.1276222467
0.1229312792
0.1221756563
0.1386250556
0.1427709311
0.08263029903
0.1378519535
0.1065208092
0.1210634932
0.1153658479
0.1002700701
0.08241888881
0.1046876311
0.1070804372
0.07701148838
0.1021473855
0.09727381915
0.1016997024
0.09836222976
0.1235825941
0.08477959037
0.09154030681
0.09586440027
0.08709932864
0.08495651186
0.09209435433
0.07428989559
0.0759575665
0.07919859886
0.07610105723
0.03459716961
0.07555653155
0.07573578507
0.02297862619
0.06855537742
0.08852989972
0.08174745739
0.07000862062
0.03974720463
0.06172635779
0.02663399093
0.05285803974
0.05466136336
0.06069808453
0.0590275228
0.06106052175
0.0509898439
0.03751822934
0.05110635981
0.08820486069
0.03649023548
0.067176193
0.0536705628
0.04077446088
0.03881769627
0.0837611109
0.07468259335
0.07612548023
0.07512005419
0.05944975838
0.02575580217
-0.007724206429
0.001828981796
0.0301989615
0.03128924966
0.008993887343
0.02685916051
0.05635301024
0.05445280671
0.02010442503
0.009488288313
0.06952796876
-0.01155763958
-0.0191877801
-0.01844183728
0.0313776508
-0.02104353346
0.04378098994
0.06583245099
-0.01870888285
0.008064556867
0.0206590537
0.004634639248
0.01842683367
0.006925947964
0.05561996996
0.02699452825
0.04989508167
0.0151828425
0.005591365509
0.008453218266
0.01364137605
-0.0193068143
0.03317061067
-0.02212630026
0.01214737445
0.06149681658
0.01160032395
0.01262875274
0.009864713997
0.04544219002
0.0375460051
0.009487875737
-0.03808770329
0.03393575177
0.04119613022
0.00492560491
0.01128170919
0.006275919732
0.005292245187
0.007047384977
0.002971168607
0.005186468828
0.005779941566
-0.03612525389
-0.0153670432
0.05398571491
0.05504342914
-0.02331467159
0.004660020117
0.02635524794
-0.005177626852
-0.01497398131
0.01857592352
0.01494246535
0.0335021019
0.04894532636
0.03212588653
-0.02493740059
0.02949129231
0.0353288129
0.03335146978
0.009718194604
-0.01743640751
0.02912265621
-0.03530848026
-0.03925996646
-0.02846508659
-0.01406393107
0.003720687935
-0.003652562853
0.002024616348
-0.04631701112
0.0292099379
-0.03070880659
-0.04293689877
-0.00005165258699
0.04088952765
0.03645486757
-0.04773873463
-0.007284634281
0.0004081072984
0.002059287392
0.001206579502
0.04465416074
0.004235978704
-0.03431389108
-0.004440010991
-0.02574180998
0.001674307976
0.005764698144
-0.003123514121
-0.01167539973
-0.01693209074
0.03309047595
-0.02483027242
0.03226137534
0.005814344157
0.006990036462
0.03778364882
0.0009304495761
0.0274215918
0.02253928408
-0.00380491605
-0.045387391
-0.01471736282
0.04706190526
0.04692483321
0.003386252793
0.03530426323
-0.04406418651
0.0003943372285
-0.00219198782
-0.03610824421
0.02256667614
0.009805416688
-0.03922912106
-0.0228946507
0.00004569683006
0.02926924266
-0.001682242728
0.02823471837
-0.001081356197
-0.005071271677
-0.03158414736
0.02326178178
-0.001671983162
0.03694890812
0.03447705507
0.0001983943366
0.004163747188
0.004143617582
0.0328855291
0.02665804885
-0.004972339608
-0.006437503267
-0.004061156418
-0.01370865013
-0.005537105259
0.004415553529
0.002400861122
-0.0193691086
0.01017957553
0.01136809029
-0.004892108496
0.004248287063
-0.03255932406
-0.01483663917
0.02409835346
0.001780041843
-0.002294839825
-0.000182451171
-0.03462297842
-0.0001117019783
-0.005853400566
-0.03519318998
0.02579221874
0.02398289181
0.03805457056
0.02339332178
-0.003312882269
0.01651222818
-0.02885038406
0.02147911675
0.02789818682
-0.005386956502
-0.03161938861
0.006062128581
0.005666645709
-0.04594784975
0.02218376286
-0.0001451313874
0.04134786502
0.008552463725
0.04128875211
-0.01048296783
0.01780041121
0.03413660452
-0.03512218222
-0.002251173835
0.001019161777
-0.02120831609
-0.0453023985
0.001656957786
-0.04712251946
0.02726761252
0.01276918687
0.001323314151
0.002861682093
0.02902867645
-0.0003042267053
4.504918252E-6
0.01620734669
0.004768944345
0.0006769839674
-0.01849431731
0.02047901973
0.00006613387814
0.04099072143
0.005365818273
-0.01179612894
0.01115628518
0.02627963014
0.003027835861
0.04511751235
-0.01329644397
-0.00009305318235
0.04117504507
-8.009379599E-6
0.04840822518
0.01552990079
-0.01753858849
-0.007266757544
0.03965134174
-0.0006896496634
-0.0006291388418
0.004316651262
0.001559578348
0.02965107001
-0.01831017435
-0.04649757221
-0.0181934461
0.0122761447
-0.01362806372
-0.02773742378
-0.02154104039
0.002652780153
-0.01327654533
0.02170410194
-0.03632352874
0.004583474249
-0.0001444437221
-0.0375316143
-0.02233377099
0.004863414448
0.01506088674
0.002140921308
0.01159988157
-0.001828987035
0.02958455123
0.01832378842
-0.01517060492
array of X[1] with 60 elements
0.0003232219315
0.1232784167
0.2152687907
0.3077290058
0.3930625618
0.4558098912
0.5197071433
0.5693881512
0.6173286438
0.6658607125
0.7039836645
0.7311095595
0.7757071853
0.796038866
0.8165964484
0.8318696022
0.8518372178
0.8785929084
0.8951313496
0.901695013
0.9113401771
0.9284286499
0.9323619008
0.9436494112
0.9443473816
0.9469645023
0.955190599
0.9599610567
0.9671816826
0.9732660651
0.9753940105
0.9674053192
0.9817817807
0.9843252897
0.9834656119
0.9861569405
0.9878711104
0.9889692664
0.9942795634
0.9915190339
0.9924089313
1.001872897
1.00184083
0.9875579476
0.9995995164
1.004815221
0.9976652861
0.99778229
1.004196167
1.002456427
0.9978256226
1.002542138
0.9961437583
1.004477501
0.9984318018
1.00406599
0.99643749
0.9998380542
0.9975383878
0.9977299571
