*******************new*record*******************
nY= 2
nX= 2
Y[0]= 0.3249999881
Y[1]= 0.9300000072
array of X[0] with 400 elements
1.037320375
0.9996237159
1.028658509
0.9983392358
0.9503574967
0.9895400405
0.9840038419
0.9784940481
0.9729499221
1.006314397
0.9663973451
0.9201920629
0.9449784756
0.9736869931
0.9039254189
0.909914732
0.902747035
0.8874505758
0.8850949407
0.9092264771
0.8809835911
0.8347277641
0.8512408733
0.8680958152
0.7933346629
0.8478935361
0.8066286445
0.7739403844
0.744426012
0.7574056387
0.7456818223
0.7291014194
0.7442861199
0.687823832
0.6999942064
0.6543030143
0.7278539538
0.6459550261
0.7033963799
0.6829611063
0.6815068722
0.6480174661
0.6351511478
0.6543585658
0.5910362601
0.6254838109
0.6151203513
0.5614004135
0.5990855098
0.5797502398
0.6007503867
0.5605192184
0.5819541812
0.5484133363
0.5800187588
0.6052522063
0.560887754
0.5686740875
0.5604741573
0.5626763701
0.5742561817
0.5816698074
0.5432459712
0.5307129622
0.5418920517
0.5707897544
0.5367860794
0.5461739898
0.5100761652
0.487906158
0.5681355596
0.5508057475
0.5022518635
0.5120819807
0.5282765627
0.5197453499
0.5141350031
0.4576433897
0.5049378872
0.5058967471
0.4919767678
0.4925237596
0.4889121652
0.4611055255
0.4722780287
0.4320606887
0.499461621
0.4234185219
0.4639658928
0.4586618543
0.5108597875
0.4526239336
0.4160180986
0.4456012547
0.4812132418
0.4436237514
0.4532503188
0.4350019991
0.3866960108
0.4278405607
0.4218348861
0.4446740448
0.4102032781
0.3647588789
0.3768972456
0.4523559809
0.4009146094
0.4235222936
0.4241537452
0.4062816203
0.4006859362
0.354621619
0.3745630085
0.3610759377
0.3830766976
0.3179646134
0.3924864531
0.3229565918
0.3515123427
0.3557686508
0.3322879672
0.3471194208
0.3417747915
0.3331744373
0.3498731256
0.2888386846
0.312014848
0.3018321097
0.3495874405
0.3304486573
0.3077668846
0.3357054293
0.3002658784
0.2768452764
0.3114856482
0.2810508609
0.2714771628
0.3161490262
0.2722319067
0.2758437097
0.2670704126
0.2829391956
0.2643135786
0.2692180872
0.2628694177
0.2411409765
0.2786716819
0.2892995179
0.218693018
0.2092890292
0.2378058732
0.1984806806
0.2285212576
0.2168233246
0.1850925833
0.1865218878
0.2143827677
0.2012836635
0.2308406532
0.188352555
0.2130470723
0.2122031748
0.2080910355
0.1963105351
0.1935500354
0.1899763048
0.1622739434
0.2003623992
0.1551349014
0.1777072996
0.2087866068
0.1728202701
0.1773308367
0.1679046899
0.1282961071
0.177295059
0.1502895206
0.1707774699
0.1294234246
0.1208389327
0.1179667637
0.1590068638
0.16997917
0.1457105428
0.1476493031
0.1476503909
0.1340301186
0.1544981003
0.1109127998
0.1752548963
0.1671816558
0.1393744648
0.1062725037
0.1230494678
0.101397492
0.08141893893
0.1036131456
0.1023286432
0.1012727693
0.06839547306
0.1200808287
0.1058286726
0.1126319319
0.1451271772
0.0890359059
0.09977309406
0.1020835042
0.1371038407
0.06222959608
0.08591950685
0.07282832265
0.05890214071
0.08551169932
0.05665386468
0.08037389815
0.1176935062
0.0772229284
0.08775687963
0.03168797866
0.05814598128
0.08905351162
0.06974055618
0.06711368263
0.0695296824
0.06790325046
0.06418047845
0.03751977161
0.01291340403
0.01951502822
0.05684776232
0.06567596644
0.04604096711
0.08106040955
0.09606204927
0.006511330605
0.0195912011
0.02797027864
0.02717572451
0.04716727883
0.08184950799
0.0534459129
0.04290328547
0.02079872042
0.03880636021
0.08249700069
0.02349369973
0.0384937562
0.03449087963
0.05536824092
0.0015577632
0.08133616298
0.03626385704
0.03264144063
0.04951391742
0.08089912683
0.03141573071
0.02395620011
0.06863768399
0.04172466695
0.02594050579
0.04254108295
0.05937876552
0.0324511081
0.02752158232
0.02236216329
0.04426709563
0.02233575471
0.0217834264
0.02005179971
0.02302582562
-0.0232134182
0.007698709611
0.02153300121
0.01742015034
0.04408930615
0.02780890651
0.01349851768
0.002575426828
0.02844486386
0.04445755109
-0.005056747701
0.01948996261
0.01600080542
0.01670170575
-0.01092093345
0.04718996212
0.01896999031
0.005227250047
0.01426711865
0.01423460711
0.03178650141
0.04843570292
0.003180230968
-0.01714887097
0.05784372613
0.04096674174
-0.01958107017
0.03798761219
0.01941356249
0.02532417141
0.01697414555
0.04667263478
0.008598072454
-0.0283384379
0.01817055233
0.01754265465
-0.01417774428
0.01644842513
0.009248668328
0.03935388103
-0.001031617168
0.002908743685
0.002433331218
0.006423794664
-0.01653438807
0.001129808254
0.01983443648
0.02863468416
0.01362184435
0.04934424534
0.03286908194
0.01740296185
-0.03984434158
0.003905266058
0.03556498513
0.01089200843
0.004472908098
0.0070932284
0.009485217743
-0.0001180784529
-0.03886728361
-0.0240000505
-0.03011605702
-0.0001714225655
0.01271025371
0.01456935983
0.001606675563
0.03630933166
0.003355343826
0.007418396883
-0.00196273555
0.008576416411
-0.03910941631
-0.02700252086
-0.01993433759
-0.006567188539
0.03184167296
-0.01002211682
0.0394817479
0.01308845449
-0.008174208924
0.002872931305
0.0395160988
0.03945134953
0.01008350961
-0.04404475167
0.02710730396
-0.03261392191
0.001848761109
0.000865229289
0.03937804326
0.008104354143
0.002917619422
-0.005933962762
-0.007619227283
0.04379919544
-0.0293450579
-0.03078092448
-0.001815982978
0.002866964322
0.0006692237803
-0.005934449844
-0.002664813539
-0.009709314443
-0.0007025681552
0.005609068088
0.0008069191827
0.0008811653242
-0.02245152555
0.03987821192
0.0336419791
0.0004511464213
-0.001606975566
-0.0132754771
-0.0384324044
0.04576689377
0.002177134156
0.001488732174
-0.01149141137
-0.003465438727
0.00447287783
-0.002179035218
-0.03983268142
-0.01348874252
-0.006917594932
0.03850729391
0.01616945118
0.01376804616
0.00273933704
-0.03405773267
array of X[1] with 60 elements
0.001229075599
0.178523615
0.3096061349
0.4294685125
0.524279952
0.6142476201
0.6664916277
0.721924305
0.7725437284
0.8161749244
0.8521363139
0.8798705339
0.8921685815
0.9125859737
0.9289373159
0.9439138174
0.9489204288
0.9568015933
0.9662934542
0.9629303813
0.9808719158
0.9762738943
0.9754766226
0.9833531976
0.9856700301
0.9910676479
0.9906756282
0.9924253225
0.9937247634
0.9972615242
0.9979883432
0.9978899956
0.9976927042
0.9990572929
0.9926373363
0.9979903102
0.9987453818
0.9977465868
0.9992676377
0.9994088411
1.008363247
1.002184391
0.999805212
0.9944720864
1.000225186
0.9926276207
0.9995165467
0.993724227
1.003363729
0.9904350638
1.003076315
1.00038743
1.004158854
0.9903066754
1.006452203
0.9923251867
0.9999691844
1.002928495
1.003386736
1.002733946
