*******************new*record*******************
nY= 2
nX= 2
Y[0]= 0.375
Y[1]= 0.1609999985
array of X[0] with 400 elements
0.9992285371
1.003085136
0.9993328452
1.012585878
1.010101795
1.022961617
0.9640212655
0.9348479509
0.9671106339
0.9511053562
0.9576017857
0.9011543989
0.9250563979
0.9181855917
0.9263378382
0.9116021991
0.8562709689
0.8628860712
0.8085989356
0.8151707053
0.8140423298
0.7750742435
0.8035317659
0.7863073945
0.7614212632
0.751252234
0.7032022476
0.7443371415
0.6607147455
0.7078200579
0.6352676749
0.6504715085
0.6538614631
0.6194250584
0.5618518591
0.5956636667
0.5481814146
0.569660008
0.5724931955
0.5362513661
0.5106422305
0.4867613912
0.5123386979
0.4962665737
0.4811260104
0.4836837351
0.503960073
0.4455153048
0.4624554217
0.4572649896
0.4408419728
0.4484124482
0.4261715114
0.4488286078
0.3723547757
0.4241619706
0.4011878073
0.3927105963
0.3854143023
0.3678536415
0.3866708875
0.3297206759
0.365796119
0.3526366651
0.3386419713
0.3465512693
0.3818136156
0.3350263834
0.3667953312
0.3244298995
0.2785360515
0.3406828344
0.3245764077
0.3181883395
0.3335914016
0.3198514283
0.2905012667
0.2842856348
0.2687020898
0.2507899702
0.2860845923
0.2697955966
0.2585581541
0.2427141964
0.2484676987
0.2817056775
0.2383591831
0.2714337409
0.1927559376
0.2188995481
0.2235750854
0.217728585
0.1775260419
0.1862128079
0.1900990754
0.1869216561
0.2106248438
0.2186788768
0.1791298985
0.1317954361
0.1591894925
0.148258552
0.1889958531
0.2024361938
0.1742354482
0.149840802
0.1282268465
0.1366662532
0.1836372167
0.1712908298
0.1655172706
0.1622925848
0.1240524799
0.1017046273
0.1171390116
0.1181469485
0.1191973165
0.106576331
0.09200933576
0.05657348409
0.08732881397
0.09649114311
0.1140248105
0.06737726182
0.07382983714
0.05025234446
0.06097991765
0.111116007
0.1144501045
0.1010503843
0.06087976322
0.08870917559
0.08158887178
0.06476119161
0.07481419295
0.08273290098
0.02235076763
0.0516297631
0.0840627104
0.05753081292
0.04454069957
0.04012518376
0.05966255069
0.04512927681
0.01537790988
0.03842224926
-0.0004257572582
0.00001654872176
0.05241516605
0.00919512473
0.001790612703
0.03497800604
0.02334813774
0.07901086658
0.03070575371
0.06503930688
0.03475593776
-0.01385452598
0.02531528845
0.05592611805
0.06815708429
0.0492220372
0.02829572745
0.02519799583
0.02049864642
-0.0003198501654
0.01763590798
0.01433260832
-0.02530439943
0.04452779517
0.06367847323
0.03194773942
0.01562284026
0.007529892959
0.03199429065
-0.01509214751
0.003516223049
0.003833384253
0.009258314036
0.05360640213
0.007685507182
0.03695143759
0.05778291076
-0.03615871072
-0.02930474095
0.008885749616
-0.001286653103
-0.02125921287
0.009330247529
0.02504652925
0.00608766824
-0.01111942716
-0.02542697266
0.01764451154
0.02316520549
-0.03591608629
0.0162972603
0.0504543595
0.04771973565
-0.01618053205
-0.007456945721
0.005844171625
0.006567486096
0.01660058275
0.01924012601
0.02373673394
0.03882510588
-0.008236383088
-0.008338527754
-0.0353699401
0.009405148216
0.002074260032
0.002945469925
0.0348264426
-0.007555493154
0.008146523498
0.002033876954
-0.04818756133
-0.01412173174
0.001161770662
-0.001605388825
-0.0172754284
0.004243821837
-0.03007955663
0.02003530227
-0.01909581572
0.02871154435
0.007322162855
-0.009441575035
0.005166419782
0.0330702588
-0.03666936234
-0.04121652618
-0.04098680988
-0.02047355846
0.0005493305507
-0.001354901469
-0.01069339924
-0.009110950865
0.02530784346
0.0003616901813
-0.0490947701
0.01069605537
0.004199268296
0.00003357073365
-0.001284299884
0.007770438679
-0.0137537485
-0.04450588673
-0.0006827844772
-0.008174136281
0.001289651613
0.01732267626
0.04696049169
-0.0003202718217
-0.001006096601
-0.006548515987
-0.000600156025
0.00504562445
0.0115458807
-0.009409527294
-0.009528195485
0.003967870027
-0.01093809586
0.00333042955
0.000622162479
0.03126643226
-0.03068230301
0.01382013876
-0.0005344684469
0.03415397927
-0.02043304592
0.0004575873318
-0.02277080342
0.02964288183
-0.000629669812
-0.01490357611
0.03836863488
-0.004055965226
-0.008619943634
0.03392256424
-0.04833362624
-0.01452459116
0.04116270691
-0.02282159403
0.003575748298
-0.01252376661
0.04335059971
-0.008586207405
-0.04536741599
0.01161867008
0.007048878819
0.01864556968
0.03027591668
-0.03123104759
0.04398244619
0.00007894755254
-0.00951750949
-0.04643127695
-0.02649959177
0.02571566217
0.003950863145
-0.00162244786
0.0002076194069
-0.004213168751
0.01321793348
-0.01207956485
-0.01096907724
0.000297176739
-0.03022430092
0.04519684613
-0.04839975387
0.02511785179
-0.04021562263
0.01355611533
0.0349615477
-0.00403243769
0.002364438726
-0.01600100659
-0.006900251377
-0.03451365605
-0.03274040297
-0.02321695723
-0.04863192141
0.007244811859
0.04490939528
-0.006429465488
-0.00001833210081
-0.03978867829
0.004687572364
0.005717509426
-0.04803101718
-0.0001364501222
-0.001166523318
0.01539589837
0.004912005272
0.00108772004
0.008710337803
0.03634013981
0.004333942197
-0.002335238736
0.02887358703
0.00001821722981
-0.02715813555
0.0008898350643
-0.003772472031
-0.003457190935
0.0002218655864
0.01188240293
-0.02009091154
0.04854775593
0.0004423822684
-0.03309064731
0.006355262827
0.008041121066
-0.04269163683
0.02053860761
-0.04788513854
-0.005071348511
0.01802906767
-0.01471923664
-0.04606348649
-0.02099100128
0.0002384266118
-0.005737192463
0.02463646606
0.02742883749
0.002354484983
0.04214899987
0.02779001929
0.04498717934
-0.0270176027
0.002816269174
0.04955161735
0.02191367559
-0.03023833223
0.03069874272
-0.01655051485
-0.03568156436
0.004511965439
-0.004817792214
0.006476827431
-0.009457556531
0.04058116302
-0.001028220751
0.01114895474
-0.02780504711
0.01169040147
0.0008448303561
-0.001177458675
-0.01539836265
-0.01199643593
-0.0005104498123
-0.000749347324
-0.001004167018
0.001530351583
0.04517171904
-0.005287232809
-0.004887751769
0.00002753511035
array of X[1] with 60 elements
-0.003507356625
0.174282521
0.305369556
0.4328816235
0.5299345255
0.6129755974
0.6707522273
0.7421095371
0.7866328359
0.821857214
0.8482456803
0.8761585951
0.9039434791
0.9140677452
0.9315887094
0.9434288144
0.9509456158
0.9499294162
0.9590277672
0.9689254761
0.9819324017
0.9809407592
0.9855850339
0.9881250858
0.9887344241
0.995347321
0.9870571494
0.9960594773
0.9885113239
1.000018716
0.9974144101
1.007094264
0.9956198931
1.006141663
1.00168097
1.000523925
0.9950443506
0.9991787076
0.9991678596
0.9996199608
0.9964764714
1.006289601
0.9995079637
1.005907536
1.001102924
1.002330303
0.9991079569
1.004791498
1.003317714
0.9964122772
0.9987741113
0.9992550015
1.004915595
1.00848949
1.002266645
1.002996802
0.9963276982
0.9994232655
0.9999654889
0.9981433153
