*******************new*record*******************
nY= 2
nX= 2
Y[0]= 0.02500000037
Y[1]= 0.06100000069
array of X[0] with 400 elements
1.006210685
1.040972948
1.009082317
1.015638351
0.9973270297
0.9919744134
1.008329034
1.024496794
0.9874032736
0.9647923708
0.9609435797
0.9814773202
0.9607267976
0.9839297533
0.9699830413
0.9858205914
0.9606621861
0.9489494562
0.9616055489
0.9349774718
0.9294112325
0.9474333525
0.918420136
0.928537488
0.8861351609
0.9277786613
0.8898124695
0.853405714
0.8740913272
0.8796432018
0.9029553533
0.8482114077
0.8727748394
0.8229871392
0.8057048321
0.8104410768
0.7811357379
0.7957430482
0.8131185174
0.7616254091
0.7991294265
0.7538571954
0.7826072574
0.7323135138
0.7309089899
0.7142233849
0.6568274498
0.682138443
0.6773785353
0.6737052202
0.6741927266
0.656372726
0.6377608776
0.6238219142
0.6633209586
0.6115094423
0.5997249484
0.5783914328
0.5797694921
0.593747437
0.5141431689
0.5381275415
0.5360043049
0.4786869287
0.5318887234
0.5011407137
0.4482548237
0.4960432649
0.4861679971
0.4184161127
0.4581021369
0.4417221844
0.4137354791
0.4280604422
0.4359143674
0.4060638249
0.3571776152
0.3900623024
0.3817587197
0.3670623302
0.3600868881
0.3553003669
0.3754556775
0.3233761489
0.3182137012
0.3167666793
0.3142119944
0.3190860748
0.2541514337
0.3301401734
0.2952685058
0.2711059153
0.2391598374
0.2678828537
0.2657697201
0.2635134459
0.2360449582
0.2297155857
0.2650713027
0.2183400989
0.2428743392
0.1893919855
0.1970005482
0.2254091799
0.1755709648
0.2023628354
0.1782105416
0.1667168736
0.1286703795
0.1778562516
0.1785156131
0.1886970103
0.1352957934
0.1646220535
0.1515830606
0.153898254
0.1331499964
0.1107015312
0.09338368475
0.1244658753
0.1064290702
0.1019108742
0.07913503051
0.1008974388
0.06002591178
0.1009494588
0.07568575442
0.07871031016
0.08373805135
0.070425421
0.08172115684
0.06968102604
0.03732764348
0.04257190228
0.07084023952
0.03459878638
0.04689477384
0.01378019433
0.05416015536
0.05171107501
0.04176293314
0.06834430993
0.03865975142
0.04439020902
0.04803107679
0.05097015947
0.02864038572
0.04094094411
0.0524472706
0.02377376333
0.03097104095
-0.003192212665
0.04328592122
0.06454582512
0.03496003896
0.01753938198
0.02161499858
0.03169206157
-6.421721082E-6
0.02115000971
0.03420948237
0.04066966847
-0.01751659065
0.03944400325
0.0106226299
0.01484365296
0.01461921167
-0.005201937631
-0.008643741719
-0.003937733825
0.02128916979
0.01330849715
0.004112250172
-0.003205342684
0.02829221636
-0.03958217427
0.01630683988
0.03146089241
-0.01645349339
0.04573928565
0.01150711812
-0.003751543583
0.01563552395
0.04625422508
0.005720997695
-0.0405771248
-0.02115185931
0.01718581468
-0.0283733476
0.0385109745
0.005696622189
0.02063541673
0.04088580236
0.003582559526
0.002444067737
-0.02540384978
0.01717356406
-0.00534652872
-0.03415562212
-0.006539194379
-0.001134129707
0.003199524945
-0.0040800469
0.0001339880546
0.0133760646
0.005993601866
0.0006599780172
0.003385249525
-0.0327950865
-0.04155965522
0.007082488853
0.001086206757
-0.03439569101
-0.001024100813
0.02417545952
-0.0417737551
0.0275823269
0.0006114402786
0.02264982648
0.004842257593
-0.005051083863
-0.04311005771
0.01333046798
-0.03219146654
0.003342260607
0.0008352361619
-0.00449240068
-0.001052932697
0.000257238833
-0.03405212238
-0.01141256467
-0.01898104325
-0.00670056371
-0.01414119545
0.04809581861
0.0005740398192
0.01725822315
0.02540739067
0.03355273232
0.0001978103828
-0.007475417573
-0.04637440294
0.000604535453
-0.02795311809
-0.04171619564
0.00007543675019
0.01340222266
0.0004427828244
0.03015289642
-0.0001862672507
0.03852617741
-0.003403549083
-0.000275810482
-0.01313163526
-0.002653765492
-0.0353830494
0.002837469568
-0.01952531375
-0.0004810131795
0.01949372143
0.003940866794
-0.01753061824
0.02318472974
0.04969890043
-0.002407953143
0.01092553977
-0.01785764657
0.01153039839
0.01221046597
0.002657852834
-0.01803778112
0.002851396799
-0.00107634021
-0.02509395592
0.02034473047
-0.01285639871
0.0007313694223
0.04052012041
0.04322632775
0.03160068765
0.02221547812
0.004065866116
-0.003221176565
-0.04167464375
-0.008183305152
0.001365476986
-0.001237753313
0.01373551786
0.00636765454
0.03336458281
0.001705097966
0.03037819453
0.03401816264
-0.0166851338
0.02293452993
0.01225152798
-0.02857630514
0.0004579402739
-0.02257026732
0.01446431316
-0.02866265178
-0.04096765071
0.04035858065
-0.034520071
-0.03815376014
0.02113212273
0.01922274195
-0.01631553099
-0.0190985892
0.005674722604
0.00001505364344
-0.001477057231
-0.0058246525
0.001654191408
-0.03672890738
-0.005536849145
-0.0300027281
0.001926419442
-0.001716521219
-0.001797964098
0.000894743891
0.001233699848
-0.005084543955
-0.04666235298
-0.001517633442
-0.03398232162
0.02159762569
-0.004388513975
-0.009153126739
0.04229647294
-0.02971484326
0.03662030399
0.04017064348
-0.01496913005
0.001510989503
0.01421594713
-0.00009494378901
0.006448308472
-0.02350022271
-0.03754835203
-0.004451693967
0.01289170142
0.001591634704
-2.655627441E-6
-0.0370891206
0.04726279154
-0.0003634408058
-0.004264686257
-0.03931679577
0.03469746932
0.0209768191
-0.002471612766
-0.005862877704
-0.009695051238
0.02109011263
0.008055422455
0.02593669668
-0.00009857167606
0.01372531243
-0.01462270785
-0.000048971051
-0.001954869833
0.008529825136
5.821802461E-6
0.02740006149
0.0002055923687
0.01050410513
0.04847242683
0.02847534604
-0.00003619094423
-0.01454729959
-0.01414272655
-0.01916831173
-0.002700122306
-0.004795237444
0.01222536527
0.03395115212
-0.0271886345
0.00007049967826
0.02682628483
-0.002568955999
-0.02249599062
0.04409110174
0.004464195576
0.02582009509
0.0234432593
-0.006942428648
0.0430463478
0.008371514268
0.003677919274
-0.004205071833
0.01028055232
0.007748507895
-0.01927912049
0.004057043698
-0.0136461379
-0.04163257405
0.0001855380833
0.02173437551
-0.01720823906
array of X[1] with 60 elements
-0.005988813471
0.2241671681
0.3957667649
0.5205913186
0.6298769712
0.7103837132
0.7781314254
0.8198091388
0.8597317934
0.8865440488
0.9184346795
0.9369249344
0.9476932287
0.9592214823
0.963136673
0.9750013351
0.9858872294
0.9843323827
0.9849002361
0.9907187819
0.9941760898
0.9914054871
0.9990987778
0.9965124726
1.004730344
0.995097816
1.001011133
1.006835222
0.996902287
0.9940240979
1.002134323
0.9995132089
1.005118012
1.000646114
1.009543896
1.006092668
0.9998604655
0.999812007
1.002559066
0.9941940308
0.9999572635
1.008676887
0.9997569323
1.001088619
0.9928827286
0.9966335297
1.003661633
0.9927651286
0.9990027547
1.003144145
1.006387353
0.9989210367
1.007617712
0.9918515682
1.008854985
0.9944831729
0.9998899102
0.9992547035
1.004267693
0.9998781681
