*******************new*record*******************
nY= 2
nX= 2
Y[0]= 0.875
Y[1]= 0.8999999762
array of X[0] with 400 elements
0.99652493
0.9659268856
1.03922224
0.956333518
1.009429693
0.9727823734
0.9594419003
0.9538869262
0.9197015166
0.9164630771
0.897890389
0.880512476
0.8498727083
0.8425065875
0.8091831207
0.7931454778
0.7173095345
0.7586815357
0.7142262459
0.6968583465
0.6478494406
0.6652213335
0.613512516
0.5613016486
0.5559164882
0.5071172714
0.4388771057
0.4641956687
0.4197109938
0.3766209781
0.3677659035
0.3064618707
0.3721947074
0.3369522393
0.2822506428
0.2434755266
0.2447874397
0.2154367417
0.1757306755
0.1774993092
0.1756966263
0.1645789295
0.1094939038
0.1458733082
0.1264483035
0.1586144567
0.1358526945
0.1033136696
0.1017895788
0.04948017746
0.08202151209
0.0810828656
0.1081626937
0.07253817469
0.04646606371
0.02757774852
0.07161801308
0.06012511253
0.04593075812
0.06154713035
0.06103388593
0.0721925348
0.06461417675
0.1005010307
0.06290882826
0.06516490132
0.06304805726
0.06247483566
0.06497212499
0.08990570903
0.1123054326
0.09661785513
0.07156215608
0.04733246192
0.114755325
0.02917145938
0.03353977948
0.07015736401
0.0568750985
0.08461845666
0.06749393791
0.06104267761
0.04103924334
0.02848429233
0.07119805366
0.07066703588
0.1010703295
0.1028014794
0.03095952421
0.08249241859
0.04214792326
0.07756188512
0.04770419374
0.04212082177
0.08111904562
0.07703481615
0.07711103559
0.07186619192
0.08442478627
0.08143869787
0.0572729446
0.07446286082
0.09117076546
0.103608124
0.08180087805
0.09558537602
0.08224865794
0.113585569
0.06010966003
0.07028187066
0.05411049351
0.06952928752
0.0522778444
0.05316956341
0.07783082873
0.07272680849
0.06888696551
0.07369928807
0.03948170319
0.07569792122
0.03798587248
0.07377551496
0.03982531652
0.06187054515
0.1050917506
0.05905975401
0.09836537391
0.06316044927
0.05652584136
0.04801797122
0.06568229944
0.04692803696
0.05247031897
0.02552149817
0.05100709572
0.05264787003
0.040260382
0.02202631347
0.05598584563
0.04955407977
0.07995158434
0.07358334213
0.01724277437
0.05054423586
0.05649363995
0.04416953027
0.04692083597
0.06946971267
0.07950001955
0.04150468111
0.03194128349
0.0444317013
0.04289348051
0.04597155377
0.06102376804
0.04204865545
0.008268082514
0.03846200556
0.04014615342
0.08410921693
0.03655864671
0.05419817567
0.0218377728
0.03638824821
-0.01028806344
0.015507048
0.03368671611
0.03268203884
0.03209171444
0.05701281503
0.00204307097
0.02326566353
0.0472112
0.06956288964
-0.0005613807589
0.02171057276
0.02707259357
0.01613536477
0.05589983612
-0.01953559741
-0.0128214648
-0.007294803858
0.01175488718
-0.01569515653
-0.02529551834
0.02532549202
0.01276549324
-0.01827273332
0.02760400251
0.02487235516
0.00609362917
0.02456782572
0.02207651921
-0.01349899173
0.04363644496
0.02014173009
0.006191481836
-0.007266399916
-0.01590386033
-0.0250584837
0.02532028593
0.03403250501
0.06383934617
-0.006779535208
0.03057880886
0.02858195826
0.04951601103
0.02794531733
0.01569587737
-0.02753610909
0.04168619588
0.02725883201
0.02429334447
0.02126522176
-0.006678900216
0.01667496189
-0.006088831462
0.01366548147
0.01211360842
0.04146084562
0.01170638856
-0.002355269855
0.003304639133
0.05561129749
0.01152759045
0.04344882816
0.01012407709
0.01210584864
0.0103495419
0.01534230541
0.009116642177
0.03716537356
0.00567520177
0.01285265852
0.001626543701
0.05710110813
-0.001400569803
0.03475308418
-0.001256414107
0.01285547297
0.04592520371
-0.006566758733
0.01857758872
0.03142410144
-0.02675143816
0.01031539775
0.0008110263152
0.01125171967
0.003498764941
-0.004491738509
0.006257256493
-0.03134088591
0.008698711172
-0.02018398419
-0.01409516111
0.05255653337
0.006803276017
0.01356933732
-0.002934214193
-0.005694803782
0.03287268057
0.01537308749
-0.03804337978
-0.02882815152
-0.02302318625
0.04426882416
-0.02671928518
0.007639841642
-0.008385245688
0.01274872571
-0.036677856
-0.03124010935
0.01131481212
-0.04207053035
0.002609445946
0.001057541813
-0.007609339431
-0.0007212720229
0.02208697237
-0.0189498011
-0.01333556604
0.002526686992
0.02698226646
0.007942524739
0.01665745489
0.03184552863
-0.001982574351
-0.009608765133
-0.02497849427
0.002233272418
0.03885483369
-0.0143483961
-0.02697464824
-0.03262305632
0.002884938614
0.01907393709
0.03686805069
0.002540806541
-0.04699416831
-0.02191042528
0.003353211097
-0.04239169508
0.0304014422
-0.005307667889
0.02275780961
0.02140361443
0.04202781618
0.03037048504
0.002353452845
0.005898472387
-0.004548414145
0.000433389534
0.001788487309
0.004716410767
0.02328733914
0.005409349222
-0.00003138699321
0.04581384733
0.01313798502
0.005528214853
-0.001515972894
-0.01227780338
0.01916348189
0.0001456095488
-0.01587804221
0.004315470345
0.02304194495
-0.006892640609
-0.02092245407
-0.00330396858
0.008404339664
-0.01260006148
-0.04394049197
0.0394984819
0.008773379959
-0.006791769993
0.0006403840962
-0.01067334786
0.04951634631
0.00493889302
-0.01534108631
0.005739134271
0.002714751754
-0.0009107128717
0.02686831169
0.0004169026797
-0.002338914899
0.02006725222
-0.03828676045
-0.04421330988
-0.01812906377
0.0002062315034
-0.02678597905
-0.009576510638
0.0004186292354
-0.04319104552
0.04488698021
0.0001199415783
-0.01152205002
-0.04644363746
-0.0265705958
0.000796363398
-0.02409496345
0.02296224423
0.006505009253
0.001178531907
0.01336815488
0.007058653515
0.03883370385
0.03017726168
-0.00829514116
0.002366375411
-0.004723065067
0.0005667422083
-0.0003981584741
-0.006056610961
0.03727788851
0.0006360978587
-0.03658039495
0.01218431816
-0.03501363471
0.0003684634576
0.004078658763
0.003733809106
-0.002044984605
-0.03162487969
0.00001237516517
0.03590866178
0.0108435126
-0.004339131527
0.03036574833
-0.005097155459
-0.03824108839
-0.03170965984
0.00003768676834
0.01069096942
0.002308845287
-0.02780746669
-0.01078277919
0.002795424545
array of X[1] with 60 elements
-0.00972190313
0.06832858175
0.1391593516
0.2086673081
0.2740749121
0.31935817
0.3685551584
0.4152370691
0.4612779617
0.4985134006
0.5364527106
0.5678216219
0.6025176048
0.634955585
0.668561697
0.6906850934
0.7144178152
0.7340984941
0.7521009445
0.7716005445
0.7877252698
0.7948849797
0.8248987198
0.8235819936
0.8340775371
0.8633906841
0.8689946532
0.8665391803
0.8836501241
0.8966528177
0.9016196132
0.9124136567
0.919087708
0.9212007523
0.9247202277
0.9337419868
0.9382218719
0.9396182299
0.9470016956
0.945949018
0.958368063
0.9654599428
0.9639461637
0.9725779891
0.9667822123
0.9619490504
0.9674394131
0.9666512012
0.9724308252
0.9799236655
0.9795591235
0.9712306857
0.9729141593
0.9834823012
0.9846146703
0.9766248465
0.985421598
0.9783964157
0.9891522527
0.9989922643
