*******************new*record*******************
nY= 2
nX= 2
Y[0]= 0.3249999881
Y[1]= 0.06100000069
array of X[0] with 400 elements
1.016232848
0.9638744593
1.01341784
1.004772902
0.9929686189
0.9893516898
0.9839631915
1.001687169
0.9679294229
0.9486380219
0.9798316956
0.937663734
0.9298262596
0.9361528754
0.9212617278
0.8683114648
0.8844447732
0.8712698221
0.8697667718
0.8452340961
0.873036921
0.7898969054
0.8495576978
0.7607972622
0.7799475789
0.7556035519
0.7594997883
0.7054939866
0.6945829988
0.7144430876
0.6848871708
0.6197296977
0.6536300778
0.6257269979
0.6102381945
0.6380944848
0.6240874529
0.5877351165
0.6052900553
0.5420303345
0.5151037574
0.5786200762
0.5565361381
0.5020660758
0.471631676
0.5385714769
0.4871668816
0.4762098491
0.4744054079
0.5020781159
0.4475800991
0.4355376959
0.4322572947
0.4234439433
0.3756807745
0.4102588296
0.441809386
0.4053688943
0.4104967117
0.3785390854
0.3839260042
0.3362410665
0.3331815898
0.3556639254
0.344209373
0.3525886834
0.3646144569
0.3651676774
0.3179234266
0.3132736087
0.3063213527
0.3224365115
0.2882253826
0.2658998668
0.2677922249
0.3096004426
0.2697570622
0.2335529923
0.2372965366
0.2527667284
0.2472582906
0.2700962424
0.1983917803
0.2263449132
0.2393847555
0.2139776796
0.2184829116
0.2255317718
0.2321568131
0.1963839978
0.2073020488
0.1870475858
0.1836954504
0.1726453304
0.1797517389
0.1346103847
0.1257481277
0.174347356
0.1295762211
0.1551314592
0.1342065632
0.1526104212
0.1450456083
0.1188279465
0.1225995421
0.1461550891
0.1196606457
0.115055941
0.1121394783
0.1065596193
0.1187124401
0.1026411727
0.05735255033
0.1021776721
0.05371322855
0.04464267194
0.08195648342
0.07954181731
0.04153421149
0.07526345551
0.06180230528
0.07111725211
0.1179300323
0.05792732537
0.04298849776
0.06103578955
0.04773293808
0.05573704839
0.0463186428
0.06719336659
0.0763470754
0.05516285077
0.008424502797
0.04482394829
0.02414625883
0.00974368304
0.06323225051
0.0426736325
0.03538735956
0.03669245169
0.06124348193
0.03191601485
0.04026756436
-0.01813714392
0.04270511121
-0.0153385615
0.06836739182
-0.007416459266
0.01090218127
0.02182658389
0.005114619154
0.02012183517
0.06376351416
-0.002803506795
0.01651876979
-0.006324153394
0.0603979677
0.0621558167
0.01471343171
0.004519214388
-0.02350629866
0.01267184969
0.006429974455
-0.002242462477
0.01558714267
0.02136653475
-0.03533406928
0.003362320131
0.03435653821
0.05635690689
-0.03427224979
0.01923425496
-0.02904483117
-0.01816841029
0.01629071683
0.02540696412
-0.01882821694
-0.01604739949
0.0001676971879
-0.01072115544
-0.03831171244
-0.02579302713
0.003036601469
-0.01364350971
-0.005108114798
-0.001247401116
-0.0242441576
-0.00834975671
0.02870729752
0.00238168845
0.008331108838
0.04887027293
0.002416585805
0.02492283285
-0.002793385414
0.01803590916
0.02444356307
0.03665634617
-0.02003589645
0.05044296384
0.01720245369
-0.01557011623
0.03888842836
0.02497116104
0.03628498316
-0.04250280932
0.0006865055184
-0.01710758172
0.01727579162
0.01742244884
-0.01919443905
-0.02417400666
0.01560993586
0.02117563784
0.009826517664
0.04215422273
0.001328268205
-0.02467461862
0.04815213382
0.0004314749967
0.01736036688
-0.008433688432
-0.04689565673
0.009996851906
0.01254815608
0.0101481434
-0.001503253006
-0.0316395089
0.01732210815
0.01013011765
-0.001231653499
0.002249795012
0.002476011869
0.01794856042
-0.007634984329
-0.0286272075
0.02280536294
0.009244949557
-0.0183042977
-0.03464895114
0.02151986957
-0.03363656625
-0.008871158585
-0.01415824983
-0.03291052207
0.01831876859
-0.00025926542
0.03596128523
0.003601017175
0.001114637009
-0.0414631106
0.006897216663
0.00003388027471
-0.02316394635
0.0002314707526
0.01771391742
-0.04398441687
0.04640572891
0.02246244065
0.007329952903
-0.00001929492828
0.04957634211
-0.01870524324
-0.02037426084
0.00821242854
-0.02736909874
-0.02285445668
0.04586570337
-0.01223097928
-0.02425461449
-0.02976023965
-0.0230390951
0.006669789553
-0.02868986316
0.0462635085
-0.001648238976
0.00260794675
0.005750272889
-0.009090032429
-0.02867377736
-0.02253863961
-0.001756623271
-0.006046816707
-0.009782443754
-0.01548573561
-0.04952962324
-0.02036470361
1.739304253E-6
0.02940782532
-0.006314259488
0.005539339501
0.01425532531
-0.003086111043
0.04520926252
-0.0218403656
0.006820270326
0.01125862915
0.009317413904
-4.988879027E-6
-0.02157404646
0.004523858894
-0.02429083548
0.009594006464
-0.01001893915
0.0008908089367
0.04297470674
7.379310887E-7
0.03665196896
-0.00001922896263
0.04388369992
0.001590865897
-0.006504935678
6.303007012E-6
0.02278699167
0.02114007622
0.004310912453
0.0002709736582
0.033801727
0.008114946075
0.04803844169
-0.01574553549
0.0128828818
0.02225580066
-0.002416146453
-0.03335165232
0.02719895355
-0.02336604521
-0.01162795722
-0.03219413385
0.02219071798
-0.003333703149
-0.04569774866
0.01322497614
-0.03218673542
0.02822204679
-0.03984550387
-0.01676061563
0.005851398688
-0.001317469985
-0.02590559423
0.007799340412
-0.0235119462
0.006849762052
-0.01649796031
0.003457709681
0.04353905842
-0.04599716514
0.02915445156
-0.001901521231
-0.001452316297
0.03454756737
-0.03238527849
0.02784093097
0.01304177288
-0.04565495253
0.02726313658
0.00007074877067
0.004147689324
-0.03065831587
0.00002633848817
0.002179449657
-0.03621219844
-0.04591215029
-0.006686658598
-0.0007759725559
-0.00719307689
0.01184247807
0.0368229486
0.04502367973
0.006365905982
-0.01946604811
-0.01766687632
-0.03152759746
0.001499269623
-0.001444244524
-0.001055270084
0.0286127273
0.022120554
0.00003356770321
0.04838767275
0.002787550446
0.00009524507914
-0.0004113760951
0.00286558154
-0.02300156839
-0.007726687472
0.01254714932
-0.01242274046
-0.01541282609
0.02394286357
-0.01282541174
-0.02106254362
-0.02441566437
0.0003837442782
-0.0006406255416
-0.03012568504
0.0007558619836
0.002077694749
0.009046464227
0.01607801579
array of X[1] with 60 elements
0.00826380495
0.1792236865
0.324146837
0.4496251643
0.5500833988
0.6382373571
0.7018830776
0.7605158687
0.8010240793
0.8337270021
0.8627185822
0.8960404992
0.9066044092
0.9251244664
0.9374452829
0.9472734928
0.9577752352
0.9670394659
0.9724917412
0.9792029262
0.981215775
0.9847480655
0.9909133315
0.9866101742
0.9915584326
1.002514482
0.9936032891
1.001107454
1.000238776
0.9944680929
0.9926820397
0.9977868795
0.9929996729
1.000307202
0.9997316599
1.007287145
0.9992521405
1.002973914
0.9999805689
0.9982275367
1.003014326
1.002132058
1.000050902
1.001878381
0.9987797737
0.9931584597
0.9997457266
1.001036644
0.99201262
1.000811815
1.003998756
1.003363729
1.000189543
0.9968066216
1.000007987
1.00102973
0.9989939332
1.002050519
1.003327012
0.999990344
