*******************new*record*******************
nY= 2
nX= 2
Y[0]= 0.5249999762
Y[1]= 0.9700000286
array of X[0] with 400 elements
0.9642201066
0.9525722265
1.025030375
0.9946550727
0.9893180728
1.000490665
0.9375308156
0.9680835009
0.9656842947
0.9397730827
0.9410963655
0.9246256948
0.930901885
0.8990882635
0.8780625463
0.8617053628
0.8870580196
0.8408946991
0.8177131414
0.8349600434
0.7899086475
0.7600308657
0.7221055031
0.7335575223
0.7121599317
0.6813284159
0.6625596285
0.6561411023
0.6406351924
0.6378001571
0.6112502813
0.6401305199
0.5930520296
0.5213475227
0.5784350634
0.5662480593
0.5690581203
0.5038160682
0.4808574915
0.4886568487
0.47859779
0.4859056175
0.4597109258
0.4876892269
0.4093900025
0.4179540873
0.4307461083
0.3890450895
0.4260827899
0.4461036921
0.4375350475
0.451135695
0.3730704784
0.4142972827
0.3920118511
0.394056648
0.3372557461
0.3894865513
0.3839767277
0.3648737669
0.391356051
0.359659791
0.3795639575
0.3714450598
0.3701806366
0.3487998247
0.3661962748
0.3672684431
0.3875311613
0.3177946806
0.3662984967
0.3493766487
0.3693055511
0.3368029296
0.3546003103
0.3176904023
0.3523508906
0.3531655669
0.3870384991
0.3547247052
0.3313913047
0.3554755747
0.3938784897
0.3424968421
0.296774447
0.3054764271
0.2943005562
0.3365303576
0.3408859968
0.3020220101
0.3144831359
0.2889591455
0.3068614602
0.3082250059
0.2934877276
0.3448240757
0.3453497887
0.3167975247
0.3328817189
0.2843827009
0.3031796217
0.3086352646
0.3043002188
0.2802397013
0.3345603049
0.3182506859
0.2896261513
0.3294056058
0.2798796296
0.2863580287
0.2558217347
0.2765043378
0.2370169312
0.2685783803
0.2845750749
0.2780533731
0.2604336143
0.2576973438
0.2855377793
0.2504630983
0.2493486255
0.2085512429
0.245934695
0.2518092692
0.2387978584
0.2845435441
0.2626954019
0.1927510798
0.2549521625
0.197019726
0.2198687345
0.2086841613
0.2184002846
0.2190622389
0.2088784873
0.2312448174
0.2392840534
0.2163668722
0.1926792562
0.2094358653
0.2121895999
0.1961320192
0.1920995861
0.187919572
0.1488346756
0.1363617033
0.1944226921
0.1794142425
0.2239957005
0.1756073236
0.1695421636
0.1887087524
0.1688291579
0.1584765464
0.1554132402
0.1582640857
0.1604483873
0.1595621556
0.1363362819
0.1756562293
0.1764170378
0.1355550289
0.1222975999
0.1389779299
0.1456931084
0.1395747513
0.1400325596
0.132767722
0.135101378
0.1092510223
0.1087362766
0.1061381921
0.09270402789
0.1293924302
0.1343863755
0.1563956887
0.1619710177
0.09808144718
0.1189944223
0.1135405153
0.1542335302
0.1447914243
0.09108861536
0.07108039409
0.05729012936
0.1107115075
0.07010734081
0.08430261165
0.09777453542
0.07110117376
0.0808615759
0.08828318119
0.0608240217
0.08774779737
0.1365867555
0.05958115309
0.08318161219
0.05330037326
0.1085824147
0.08419275284
0.08149915934
0.07890609652
0.06796209514
0.09813622385
0.05556340888
0.122365579
0.0649337545
0.06789332628
0.04240676761
0.06035414711
0.0816604048
0.02324325033
0.0674989745
0.01369807404
0.06781662256
0.02887642197
0.08267249912
0.06797245145
0.02881478146
0.05760976672
0.05657325312
0.05617462844
0.00293556205
0.03321669251
0.05553206801
0.05042440444
0.04260316491
0.02129841037
0.04668809101
0.03702615574
0.04545410722
0.04623808339
0.0657959953
0.04435620084
0.04133667424
0.07574062794
0.04266338795
0.05816623569
0.03890850767
0.04755467549
0.02197443135
0.01414485648
-0.001810059883
0.0532158874
0.03385030106
0.0622847043
0.03272492811
0.006165978033
0.06804648787
-0.01060764212
0.05798881501
0.02813984454
0.03622348607
0.03359086066
0.02673880756
0.0524700284
0.025777556
0.04243140295
0.07004599273
0.0229734946
0.02428592183
0.06937390566
0.02250845172
0.05129890144
0.02071340196
0.009607099928
-0.01625727676
0.02019540034
0.01343228016
0.01972862892
0.02677196823
0.004852270707
0.02156533301
0.000216432134
-0.001246883185
0.003543182742
0.01575872675
0.03978193924
0.03338079527
0.01796438359
-0.001336411689
0.05581516773
0.01889987662
0.02017574571
0.01364494395
0.003145512193
0.05442530662
0.01223760191
-0.03243805841
0.02141156606
0.01494875923
0.001642540097
0.02306069247
0.01633380726
0.01102957595
0.009056147188
0.01333936211
-0.0185673777
0.01558335591
-0.01351940632
-0.02171865106
-0.01744883135
0.003508165712
0.0139755616
-0.02457245253
-0.03412819654
-0.0204465054
0.04364652932
0.01162300166
0.009437259287
0.006390635855
-0.01106071565
0.005278608296
0.004808769096
0.03273923323
-0.01507701166
0.04816573858
0.005528815091
-0.03750159591
-0.0009056089912
0.02521742322
0.003944213968
0.02304157801
-0.03107359447
-0.035355106
-0.03133417293
0.00453720428
-0.02893861383
0.01139916666
0.003436118132
-0.003942708019
-0.009407847188
0.00520422589
-0.0007832448464
0.01971615292
0.05105544627
-0.004238627851
0.0170710478
0.01868396997
-0.009785990231
0.001884355559
0.002872536425
0.04193215072
0.0206311997
0.002224102616
0.04525802657
0.02047221176
0.002212631516
0.00213683187
-0.03734460473
-0.005398205016
-0.005225367844
-0.004019644111
0.002113033785
0.001071831677
-0.004455548711
-0.01276784483
-0.0395007804
0.02993150055
0.0325069353
0.006277197041
-0.003270164365
0.001385896467
0.0147319613
0.03285132721
-0.009745546617
0.005235021934
-0.01425732765
0.001096893102
-0.01204120461
-0.04071534798
0.0004496768815
0.02772743814
-0.04367019981
-0.03148996085
0.03009927645
-0.004489751067
0.003244600957
0.001189406496
-0.01962934807
0.04509869963
-0.002931627212
-0.01632767729
0.01668295823
0.0006357741076
0.006800111849
0.0002227124205
-0.01444203313
-0.0127037568
-0.001040957053
-0.01369834132
0.01472281478
0.0002743942314
-0.001479596482
0.02295221016
0.00700213667
0.0004159126838
0.01324469596
-0.01735845394
0.002225766657
array of X[1] with 60 elements
0.002239638707
0.1352989227
0.2522985041
0.3593848944
0.4432120621
0.515986979
0.5798804164
0.6396225095
0.6874471903
0.7259842157
0.7704723477
0.7936759591
0.8258811235
0.8479887247
0.8677584529
0.8797740936
0.9103910923
0.9136280417
0.9278660417
0.9414265156
0.9451476336
0.9527071714
0.9594038129
0.9653465152
0.9758228064
0.9657605886
0.9780235291
0.9729499221
0.9885084629
0.9798219204
0.994768858
0.9882845879
0.9912270904
0.9937026501
1.001636744
0.9850848913
0.9938931465
0.9993371964
0.9898989797
0.9984933734
1.003189445
0.9882317781
0.9884607196
1.005555987
1.000440359
0.9968690276
1.005152941
1.005385399
1.002682447
1.004988194
1.004499078
0.9988000393
1.003059149
0.9994279742
1.00276494
0.9982384443
0.9906404018
0.9970261455
1.000861883
0.998806417
