*******************new*record*******************
nY= 2
nX= 2
Y[0]= 0.3249999881
Y[1]= 0.3109999895
array of X[0] with 400 elements
0.9783380032
1.010162711
1.013834953
1.002821326
1.025831699
0.9673229456
0.9838266969
0.9900074005
0.9711511731
0.9776583314
0.9566875696
0.9609517455
0.9370872378
0.9227312207
0.8700648546
0.908770442
0.8779981732
0.8829545975
0.8690823317
0.8711174726
0.8846627474
0.8293689489
0.811750412
0.8476701379
0.7899949551
0.7890763283
0.7490068674
0.7588890791
0.7075717449
0.6780306697
0.7468186021
0.6750892997
0.7111616731
0.6759309173
0.6617343426
0.6140182614
0.6854857802
0.6381431818
0.6190060973
0.5848348141
0.5656052232
0.5869215727
0.5431436896
0.5320230126
0.5680756569
0.5224769711
0.5730512142
0.5191550851
0.5079904795
0.5026366115
0.50857687
0.473679781
0.4710889459
0.5209736824
0.4701851308
0.4769234657
0.4864930809
0.4991571009
0.4683234096
0.4133662581
0.4543701708
0.4452078044
0.4423972666
0.4375580847
0.4015523195
0.4286600649
0.3873362541
0.4105329514
0.4096291661
0.3963814974
0.4013826251
0.3906958699
0.3543352187
0.4029728174
0.3798669577
0.3591455817
0.3521977961
0.3647364378
0.3110240102
0.3101478815
0.3406731784
0.3198134601
0.3756758571
0.2955783308
0.3182231784
0.3225309253
0.3598306775
0.3385569155
0.3053693771
0.3350786865
0.314374119
0.2871357799
0.2419547439
0.2815090716
0.2758199573
0.3139004707
0.265738219
0.2581669092
0.2578538656
0.2931849658
0.244677946
0.2580570877
0.2351793945
0.1858575791
0.2457011342
0.2093404084
0.2176484764
0.2150078565
0.2138971686
0.1855843365
0.2008267492
0.1867786199
0.1748492718
0.1392267346
0.1429163665
0.2098105699
0.157668367
0.1385984719
0.1505533904
0.1652313024
0.1086578816
0.1482522935
0.1099674776
0.1105549484
0.1396170408
0.1293739974
0.09151615202
0.1803177893
0.08576171845
0.1148011908
0.1035873741
0.1526135355
0.08708811551
0.07870588452
0.1091779023
0.1069997549
0.1009094119
0.09205610305
0.09732840955
0.07209523022
0.09283750504
0.1068512946
0.09632366896
0.09043575078
0.07614867389
0.04536114633
0.07543216646
0.1227579415
0.08677971363
0.0995657444
0.07240254432
0.05783205107
0.05919288099
0.08042227477
0.094451949
0.06864373386
0.07774892449
0.06301359087
0.03914987296
0.08180766553
0.04482003674
0.002708256012
0.03523188084
0.006638878025
0.04750548303
0.0473992601
0.01717242412
0.04046592116
0.05101777241
-0.01081181131
0.02788365446
0.02384963259
0.02936274186
0.05624489114
0.0319215022
0.03355536237
0.04558772594
0.02874446847
0.02770002745
0.04058376327
0.03227736801
0.02864036523
0.0440370366
0.004901638255
0.02072734758
-0.001582380384
-6.172701887E-6
0.01134624146
0.04072885588
-0.01770602912
0.01592838764
0.0131829204
0.04335999489
-0.006339381449
0.05695314333
0.02992228419
0.01820077188
0.04979369044
-0.01443622448
0.0419472307
0.006065200083
-0.006119296886
0.03773950785
-0.005396128632
0.01015117019
0.02115148492
-0.02551508695
-0.01840705052
0.01224082615
0.02504051849
-0.01516193058
-0.004963358864
0.007254531141
0.02488996461
0.03178245574
-0.01597348414
-0.008722672239
0.02917083353
0.02334351651
-0.003061043797
0.01816882566
-0.01334511302
0.03147128224
0.004214085173
0.03622647747
0.009951221757
0.004508350976
-0.03244084492
-0.03463567421
-0.01790611818
0.01457344647
0.02021570131
-0.01934783347
0.05092414841
0.005241312552
-0.04729132354
0.02924836986
0.02385660261
0.002150130691
0.01018736418
-0.007117800415
-0.005717172753
0.002621979686
-0.04175648466
-0.03886160627
0.003496874822
0.001667907229
0.002179995412
0.01059217844
0.007163805421
0.02264179103
0.02198214643
0.01731518656
0.04035627842
0.03666613996
-0.002568325959
0.0180122871
0.0009458280983
0.006231728476
-0.04122871533
0.00672759302
-0.01594820805
0.00487725297
0.02739928663
0.01684085652
-0.03686459735
0.04232342914
-0.005584328901
-0.002015330829
0.02241691761
0.04047711939
0.01201111544
-0.007895798422
-0.03130287305
-0.00512048509
-0.03839396313
0.01403746847
0.004830168094
0.005398884881
0.01135044172
-0.04851515964
0.0002880982065
0.006945023313
0.04409123957
-0.007924512029
0.01403947081
0.0004603271955
0.01181353536
0.01103739254
-0.005729462486
0.04804255441
-0.02972373366
-0.01605953462
-0.001573885442
-0.01890306547
-0.02432719246
-0.00007479350461
-0.003853967646
0.02763711475
-0.0002999793505
0.006430266425
0.006316183135
-0.0113834748
0.0122051267
0.009760379791
0.03331413493
0.0001040628777
-0.02563364245
0.004561422858
0.02178140543
0.01778550632
0.04340111092
-0.0132596828
0.03837804869
-0.04163794592
0.007757714018
0.006319153123
0.03231237829
-0.000719848962
0.0004201526463
-0.001502786181
-0.01820645854
-0.04013583809
-0.006637285464
-0.006279122084
0.0490494594
0.0351271145
-0.01377194095
-0.0304457657
-0.00801986549
-0.02395585179
0.00001189516479
-0.003273028415
0.01330170035
-0.03348742053
0.00924430415
0.003049795283
0.03189590573
0.04568868503
0.001876419294
0.003272514557
-0.04757275805
0.02892939001
-0.007391027175
-0.004400451668
-0.01243826933
-0.0121858716
-0.01973929442
0.04913415387
0.04042712227
0.003366200486
-0.01972822659
0.01467610896
0.00002845672498
0.01617914811
0.004764165264
0.00109334779
0.00741819432
0.00021746727
0.01753536798
-0.00643249182
0.04562436044
0.007359429728
-0.04583598673
-0.01670165733
0.0005060983822
-0.01859809086
0.0001176609367
-0.01633920893
0.008226932958
-0.00003685385309
0.004393360112
0.02933784947
0.03116538189
-0.0173005648
0.003792883595
0.04306896776
-0.03869648278
-0.003354811575
0.000408980588
0.0002287003881
-0.00109020737
-0.04690355808
0.01811251417
-0.001652122592
0.01745381765
-0.003906697966
-0.00009608859546
0.02418321185
0.01517923549
-0.01887790672
-0.003168726573
-0.01639476046
4.398389592E-6
0.02675279975
-0.04395606741
-0.0015939984
0.002982139122
-0.04912061617
0.03697791696
array of X[1] with 60 elements
-0.003444388974
0.1804671139
0.321559459
0.4406114519
0.5436410904
0.6129538417
0.6824182272
0.7399582267
0.7945117354
0.8246741891
0.856710434
0.8892533183
0.9091334939
0.9190745354
0.936501205
0.9445955753
0.9525836706
0.9654750228
0.9667778015
0.9746950865
0.9826010466
0.987318337
0.9888504744
0.9893416166
0.9915146828
0.993905127
0.98834759
0.9945512414
0.996152699
0.997089982
0.9967651367
0.9875298142
0.9911951423
0.9989982247
0.997017324
0.9985476136
0.9948753715
0.9992246628
0.996759057
1.001702666
1.009041071
1.002357721
1.009135485
0.9930435419
0.9929351807
1.004099727
1.007164836
1.000473738
1.001909852
0.9913437963
0.999037683
1.007917523
0.9987498522
0.9903956056
0.9955071807
1.007290602
1.000910163
1.003201962
0.9980663657
0.9942062497
