*******************new*record*******************
nY= 2
nX= 2
Y[0]= 0.125
Y[1]= 0.9300000072
array of X[0] with 400 elements
1.004563808
0.999362886
0.999194324
1.020573735
0.9993909001
1.003857136
0.9888789654
0.952853322
0.9639933109
0.9946522117
0.9801699519
0.9778402448
0.9627223015
0.9454550743
0.9629124999
0.9499920607
0.9307027459
0.9627981782
0.9453814626
0.9491609335
0.9553762078
0.9149662256
0.9531997442
0.8926526308
0.9039317966
0.9102427959
0.9469669461
0.9067867398
0.8472866416
0.8373959661
0.8768907189
0.9051582217
0.866689682
0.8677662611
0.8809763193
0.84529531
0.8380160332
0.863193512
0.8273765445
0.8401902914
0.8045739532
0.7835976481
0.7911112309
0.8060119152
0.7784459591
0.8294897676
0.8207080364
0.7841415405
0.8117002845
0.7791590095
0.7761562467
0.7699868679
0.7801944613
0.7406264544
0.7358987331
0.7562884092
0.7648288608
0.7411789894
0.7447019219
0.7098380923
0.7375653386
0.7239266634
0.7400991321
0.7042729259
0.7669510245
0.7129395604
0.7384364605
0.7295666933
0.690823853
0.6965309978
0.6532824039
0.6817199588
0.6901161671
0.7111361623
0.6762577295
0.6782978773
0.6772432327
0.6218149066
0.6395090818
0.650042057
0.6973579526
0.6074879766
0.6333138347
0.5979319215
0.6506960988
0.6422845721
0.6057803035
0.6134066582
0.5800189376
0.5910153389
0.6059350967
0.6408342123
0.5953294039
0.5860649943
0.5586758852
0.623464644
0.576725781
0.5355440974
0.5162816644
0.5659267902
0.5113317966
0.5372386575
0.5384424329
0.5271958709
0.5415111184
0.5339096189
0.489692986
0.5014714599
0.5088950992
0.5174334049
0.5185410976
0.4873211384
0.4892456532
0.5056806207
0.4502677023
0.4741744101
0.4681373835
0.4716648459
0.4506294429
0.4248005748
0.4463426173
0.4421486855
0.4795057178
0.4389491975
0.4064157903
0.3916615248
0.4175859988
0.428676337
0.3672436774
0.4019218087
0.4075894952
0.4053266048
0.4003676474
0.3834626377
0.3715007305
0.3895953894
0.3662080467
0.3644756079
0.3320851922
0.3798209131
0.3722280264
0.3342965245
0.3902383149
0.3663797975
0.3532824516
0.316894263
0.3280538917
0.3315368891
0.3132894635
0.3153605461
0.2812518179
0.3141142726
0.2778178453
0.2935040593
0.2969727516
0.2902629673
0.3128263056
0.286870271
0.2933456004
0.2700456977
0.2924958169
0.2135951668
0.2631343901
0.2397576869
0.2276116759
0.2521332204
0.251762569
0.2508429885
0.230210945
0.231835112
0.20599778
0.2599921227
0.2303618342
0.1796186864
0.2240931541
0.210249275
0.1942929029
0.20336622
0.1985442489
0.1974089295
0.1484155804
0.1908562183
0.169640705
0.1992712766
0.2255264968
0.1776776761
0.1613016278
0.1915300041
0.166371882
0.2106757611
0.1649142951
0.1508739591
0.1523260921
0.1552809924
0.1351055801
0.1681106389
0.146877721
0.1319002956
0.1636493057
0.1227517799
0.1140378714
0.1223646104
0.1659891158
0.1177869439
0.0954342708
0.1245961487
0.07668632269
0.1192981675
0.08602447063
0.1160820648
0.1318640411
0.1602706462
0.06386140734
0.103243053
0.1127050593
0.1178073063
0.09886489809
0.07763119787
0.060809616
0.05143086612
0.09562774748
0.06800659746
0.08899814636
0.09254901856
0.09599678218
0.1131747067
0.08123378456
0.08109614253
0.03261533007
0.114688009
0.07312585413
0.1204187497
0.09279094636
0.07651010156
0.02677517571
0.01733989082
0.07259425521
0.04365308955
0.0834108144
0.06274944544
0.0729207173
0.05321273208
0.09551057965
0.06128721684
0.0862435177
0.06687466055
0.04895078391
0.07797190547
0.03656600416
0.0139645841
0.02963302657
0.041140154
0.04562978074
0.06948111206
0.03330630809
0.04347060621
0.03683710471
0.005342918914
0.02965183556
0.025651142
0.08248018473
0.0363282077
0.009579044767
0.02236727811
0.03650715575
0.03338890523
0.08232541382
0.03142139688
0.007635877002
0.05662770197
0.02216008678
0.026387088
0.02162600495
0.07128341496
0.04848796129
0.02237831056
0.0196340587
-0.01401806157
-0.008333989419
0.02785982378
0.02288106829
0.06165348366
0.01930158399
0.0653847307
0.05803962052
0.06502197683
0.01056199241
0.01864308119
0.02752852812
0.01584062912
0.03119657561
0.01658163592
0.01662127674
0.0131915817
0.05541367829
-0.01289970987
-0.02092780359
0.008214718662
-0.03142745793
-0.02134147659
0.01683820225
-0.013150407
-0.02713454328
0.02185026184
0.01118637435
0.003048830433
0.0113442326
0.008957721293
0.01023095753
0.01063346863
0.03526102379
0.03204288706
0.04279118776
0.01151205692
0.05171830952
0.02386843972
-0.03152348101
0.01250344515
-0.01831713878
0.0491790399
0.007241427433
-0.02359106392
0.008537163958
-0.002047482878
0.01284507476
0.01467740349
-0.01095015462
-0.004509735852
0.001047717757
0.003549261717
-0.02645223588
0.02914344519
0.008650905453
0.04290254787
0.01769492775
0.01830109768
0.01390378922
-0.03086102009
0.04981059209
0.04584571719
0.01000737678
-0.03601238877
0.002553918166
0.003343713703
0.05288682133
0.002898082836
0.02043815888
-0.009663471952
0.01744484156
0.04629195854
0.001733204816
0.01882826723
0.01861358061
-0.005712271202
-0.02276402898
0.01567155123
-0.02050139569
0.03181805462
0.02933697402
0.003063139506
-0.003923020791
0.03102019802
-0.009846298024
-0.04719597101
-0.04333024099
-0.00361685548
0.002664688276
-0.03598603234
-0.01037667319
0.02031397074
-0.04698081687
-0.002336384496
-0.009445345029
0.02294006571
-0.03703097627
0.001458424027
0.02585954778
0.04580271244
0.0106650386
0.04740111157
0.01331519056
0.01196423825
-0.03753062338
-0.008272151463
-0.03193996102
0.003136460437
0.01573656499
-0.008137796074
-0.04294763878
0.0164947696
-0.01745509356
0.03303077817
-0.02779163234
0.02327681147
0.007909420878
0.0004178054514
0.0291069299
0.04105900601
-0.01118551567
-0.02942499705
array of X[1] with 60 elements
0.0002111708891
0.2026664615
0.3565845191
0.4885047972
0.5909652114
0.6748732328
0.7408609986
0.7889565825
0.8317298293
0.8648104668
0.8909626007
0.9257904887
0.923258245
0.9464963078
0.9513081908
0.9581142664
0.9654799104
0.978045702
0.9786545038
0.9796475172
0.9864550829
0.9903111458
0.9922835231
0.997344017
0.9983441234
0.9898667336
0.9971467853
0.9977594614
1.006460309
1.001855254
1.001277208
0.9988878965
1.006458879
1.000576615
1.001390338
1.005763412
0.9996899366
0.9996621013
1.009048939
1.008425713
1.00337553
1.009760976
0.9997136593
1.000377417
1.00856936
0.9936750531
0.9998419285
1.00093627
0.9999806285
1.000731945
1.004036307
1.000435829
0.9990568757
0.992847681
0.9948190451
1.001109481
0.9999136925
0.999589324
1.004119515
1.000314832
