*******************new*record*******************
nY= 2
nX= 2
Y[0]= 0.5249999762
Y[1]= 0.3109999895
array of X[0] with 400 elements
1.024640441
1.038201809
0.9969912171
1.02071321
0.9886205792
0.9830198884
0.9759439826
0.9721992016
0.9411528111
0.9463145733
0.978962481
0.9178407788
0.9113448262
0.9108074307
0.8741176128
0.8253597617
0.8621013165
0.8229978085
0.8044953942
0.7858891487
0.7709619999
0.7525621057
0.6873218417
0.7080061436
0.711717844
0.6769208908
0.69076401
0.6362528205
0.6214971542
0.6081970334
0.5618680716
0.5545039773
0.5773843527
0.4909402132
0.5425242782
0.511493504
0.4921139777
0.487988323
0.4933469892
0.481128484
0.4368575215
0.4302051961
0.4145292342
0.4033654332
0.3924209774
0.3918264806
0.3814897537
0.3700559735
0.3658536673
0.3944818676
0.3313781917
0.3340075314
0.3043149412
0.335603565
0.3326141536
0.3232944012
0.332325846
0.3137766719
0.3533312082
0.3091651201
0.3173246086
0.3346111178
0.2865099609
0.297654748
0.3015480638
0.2845318615
0.3266107142
0.2556176782
0.258073777
0.2491228431
0.312707752
0.2670693994
0.3099021018
0.2982597351
0.262912184
0.2363670915
0.2388464957
0.2300203145
0.2759469748
0.1952647269
0.2810538709
0.2372993976
0.2379741669
0.2303546965
0.2588632703
0.2210483253
0.2203875333
0.2196144015
0.1784018278
0.2461084574
0.2487923801
0.203819707
0.204823032
0.1553590149
0.1697855592
0.2351422012
0.2136643529
0.1525559127
0.1842793673
0.1570588052
0.1700349152
0.1499611884
0.1500332952
0.1218430027
0.1582767218
0.1910556853
0.1334914118
0.1515475065
0.1667609066
0.1286113113
0.1262460947
0.1036892757
0.1074962988
0.1284649968
0.1321430951
0.1220724732
0.1252475083
0.1190838143
0.1588632911
0.1079754159
0.1197689921
0.1051962301
0.1133354455
0.1102514789
0.1008495688
0.1321986914
0.1237957776
0.08053509146
0.09139788896
0.1135941371
0.1121331006
0.04919741675
0.07519539446
0.04926268011
0.06821553409
0.1093089357
0.04238011315
0.02794728242
0.09455443919
0.103644155
0.08607597649
0.01463498268
0.06342539936
0.09545017034
0.03378437832
0.05588464811
0.03098527715
0.05848690122
0.07025179267
0.05510243773
0.02427364886
0.08067218959
0.02984071895
0.04347131029
0.02269515209
0.06375570595
0.04093207419
0.05207497627
0.03437074274
0.02657254599
0.05039881915
0.003166223411
0.03454740345
-0.0172077287
0.0292269811
0.04476043582
-0.01668268815
0.01594946161
0.0282204859
0.005950700492
0.02422085963
0.02087508887
0.03898789361
0.01880758628
-0.0256228745
0.02172456309
0.02445538342
0.0688399598
-0.02217254415
0.03020294942
0.03943462297
0.01084828097
0.03796769679
0.03582249209
0.03790646791
0.003422931302
0.0118064303
0.02322400548
0.01397201978
0.0278129112
0.03337544203
0.02303017117
-0.0231800843
0.01109021064
-0.02728446573
0.01110049244
0.009740094654
0.01045469381
0.01725079678
0.01896552555
0.008448664099
0.01018601935
0.02675620094
0.002678818535
0.006937734783
-0.0273631718
0.006435837131
0.006246060599
0.01130592544
0.01420927048
0.003807934932
-0.01519887056
0.006847527809
0.0351363197
0.02094210126
0.02020670101
0.004809909966
0.00337928324
0.05080968887
0.004824864212
-0.02850101888
-0.01512346882
0.00773569569
0.007206146605
0.008249273524
0.01696541905
0.05208200961
0.01683896407
0.001146956696
-0.03131822497
-0.004509032238
-0.01582147181
-0.007488120813
-0.006806230173
0.005127551034
-0.01027825754
0.0007341498858
0.003189901588
-0.004736379255
0.007123887073
0.001311491826
-0.04776730761
0.001335085253
0.00124009815
0.02780982666
-0.0450129509
0.04817397892
-0.003199067665
0.002047352726
0.0344639644
0.0008226815262
0.01311125513
0.008530484512
0.0005841893144
-0.006515484769
0.00009542475163
0.003048772691
0.04485505447
0.006035561208
-0.001766634057
0.0008313352009
0.002764396137
-0.002765689045
-0.003073084401
0.005087341648
-0.005050044972
0.01138316374
0.01103484537
0.03295727074
0.03431879729
0.0006924487534
-0.04470909387
-0.009589450434
0.001154878293
0.03207034618
0.01533603668
-0.04344865307
-0.008636215702
0.01485300716
-0.01645600609
-0.0421705842
-0.001503706211
0.001303443802
0.01627985574
-0.0001496545156
0.006236271467
0.006830766797
-0.01316174679
-0.01632177085
0.0001054899403
0.03635849431
-0.01322631724
-0.0004282522423
-0.01095081866
0.03513368219
-0.001226027147
-0.004875965882
-0.003337206785
-0.03351842239
0.03440791368
-0.03338410705
-0.00701140333
0.04379137978
-0.02691882476
-0.00008747080574
-0.0403954275
0.02343855053
0.01383279916
0.00005355054236
0.005941482261
-0.02658853494
-0.04803286865
-0.02792949975
0.03108517267
0.0480950512
-0.04597944021
0.02496868558
-0.03605699912
0.01024138369
0.008431756869
0.0002995137766
-0.01977225579
0.003446510062
0.00117063208
-0.007387252524
0.04037219286
0.04354534671
-0.03063021414
-0.03228157759
-0.008983721025
0.02943464741
-0.01052021608
0.01925566234
0.003154040314
-0.03064678423
-0.004077305086
-0.007482898422
-0.03297030926
-0.01331648696
0.02428122237
0.01900127903
-0.01798095927
0.004573143087
-0.01155060716
-0.0003329426108
-0.01690078713
0.02075932361
-0.004400819074
-0.002665394451
6.635166869E-7
0.007078449242
0.01485031098
-0.009704228491
-0.003613831941
0.002930492396
-0.001154806348
0.0318620801
0.008232371882
0.04589120671
-0.04909946024
0.00261171395
-0.0124027133
-0.007800002582
-0.04359989613
-0.01090534497
0.0131457923
-0.008171257563
-0.00625556428
-0.004287513439
0.008158854209
0.01627168804
-0.002716343151
0.01630118676
-0.04438579828
-0.02792268246
-0.00305899349
-0.0002235142019
-0.00027187058
0.01372181997
0.02073498443
0.002627286129
-0.007470221259
-0.001642304822
-0.03718839958
0.02268254384
0.01450554654
0.04741635174
0.01513854694
-0.01989926398
0.00138228212
-0.01592182554
-0.006969809998
-0.04275733978
0.03951209784
0.0002519832051
-0.04321828112
-0.02755129896
-0.02499018237
-0.0079029724
0.03562006354
array of X[1] with 60 elements
-0.009957925417
0.1479166746
0.2808791995
0.3841445744
0.4765998423
0.5428265929
0.6165928245
0.6664841175
0.7175707817
0.7584684491
0.7997404933
0.8330101371
0.8512503505
0.8774641752
0.8924059272
0.9078377485
0.9215405583
0.9288322926
0.9347766638
0.9590911269
0.9507158995
0.9608234167
0.9695838094
0.9760320187
0.9720540643
0.9850413799
0.9885918498
0.9834748507
0.9892474413
0.9925547838
0.9913665652
0.9900252223
0.9984416962
0.9867267013
0.9922828674
0.9957376122
0.9905092716
0.9960867167
0.9957077503
0.9956914186
0.9971523881
1.003304839
0.99376899
1.003967881
0.9949579239
1.003185272
1.003715634
0.9994963408
0.9998489022
0.9959252477
1.00238061
0.9997355342
0.9971166849
0.9960585833
1.007517338
1.005620956
0.9964625239
0.9999218583
1.000420213
1.000243425
