*******************new*record*******************
nY= 2
nX= 2
Y[0]= 0.9750000238
Y[1]= 0.3610000014
array of X[0] with 400 elements
1.04061687
1.003121138
1.028419971
0.9401683807
0.970300734
0.9678055048
0.963059783
0.958712399
0.9583043456
0.9142813683
0.8775490522
0.8894377947
0.8313255906
0.8144078851
0.7878502011
0.7604016066
0.7096765637
0.6674479246
0.6716483831
0.6500138044
0.5796260238
0.5795714259
0.5144458413
0.5182209611
0.499468714
0.4276130497
0.3777035773
0.3914063573
0.3336953223
0.3629559875
0.3175855279
0.2779264748
0.2168424278
0.2290326357
0.2259723842
0.1827619672
0.1438577473
0.1564512253
0.148931399
0.07205358148
0.09312900156
0.08508613706
0.05724399909
0.05165566504
0.06142031401
0.07237848639
0.05545228347
0.0434663333
0.0001439675834
-0.01238556579
-0.01963002048
-0.0618942529
0.02132461965
-0.05790260062
-0.02693933249
-0.06936649233
-0.01324344613
-0.05951167643
-0.0002549794735
-0.03019562177
-0.02617254481
0.01310301386
-0.03141881898
-0.02945838869
0.005338229705
-0.004260668065
-0.007084184326
-0.04923769087
-0.01921852492
-0.02271058224
-0.01846933924
0.01817400381
0.01835617237
-0.02130383253
-0.0109754093
-0.01149474643
-0.02920466103
-0.003927684389
0.001372927101
-0.007081303746
-0.004639617167
-0.001613169094
0.01096489187
0.03499820083
0.03124864027
-0.03821637854
0.04085132107
0.02733160369
0.003632755484
-0.01083023194
0.0144121116
0.007599758916
0.006615679245
-0.01235442888
0.02747018449
-0.02242114395
-0.001300580101
0.003882757155
0.007860944606
0.04803399369
0.04920236021
0.00764794182
-0.03004444949
0.04456447065
-0.01477038022
0.02340516448
-0.009529782459
0.008356633596
-0.03771210834
0.03214585409
-0.02042799816
-0.03534034267
0.01372899488
-0.03542699665
-0.01050440315
0.02359535173
0.01429123152
0.009300000966
-0.02770887129
-0.02936248481
-0.00144162646
-0.02490686998
-0.04350105673
0.01553261187
0.005912289489
0.003601469332
0.005735490937
0.01796695776
0.003343916498
0.01072146744
-0.0006549166865
-0.00620116014
-0.01214362867
0.003805625485
0.0339481011
-0.02861815691
0.005478873849
-0.001445928356
0.02905998565
-0.01677182131
0.004078277852
0.001730708173
-0.01200486626
0.02486634441
-0.005264644977
0.004740247037
0.05232909694
-0.006269078236
0.002590981778
-0.02304201759
-0.01045186538
0.0111922361
0.00483122142
-0.00289308303
-0.01690494455
-0.005871623289
0.01591098122
0.002496588975
0.002320818836
0.002474464942
0.00861315988
0.01624162309
0.003765605856
0.003304823069
0.005083908327
-0.01192011032
0.004436687101
0.04446268827
-0.0001830656838
-0.009375253692
0.01887294464
0.01841248572
0.01085549127
-0.02081892267
-0.03983257338
0.01669996046
-0.0331610553
-0.01932740211
-0.005400409922
0.030516617
-0.0162305329
0.02980867401
-0.00536978012
0.001023881254
0.03181678429
-0.006483812816
0.003805191955
-0.000261955749
0.002043098211
0.0385860689
-0.02071023174
0.03676160797
-0.02057435177
0.009414047934
-0.002286061179
0.001103941351
0.001191079617
0.0001426963718
-0.02803001925
0.0006180788623
0.01441063639
-0.02624862827
0.02128645219
0.0140398005
-0.04815982282
-0.005508651491
-0.008634258993
0.001983666793
-0.01503199153
-0.003247470129
-0.02044699527
0.03309081495
0.001887516351
0.001988633769
0.0003550270631
0.03330101073
0.04576331005
0.0423143357
-0.004908956122
0.00314086047
0.004182583652
-0.0004759412841
-0.02577390894
0.01694138534
-0.006229001097
-0.01776814647
-0.001977367094
0.03521684557
-0.0003337812086
0.006315182429
-0.03342032805
0.001364414115
-0.01701393723
-0.03773413226
-0.03041580878
-0.047673475
0.01446776651
0.04256954044
-0.004745916463
-0.03201618418
0.004735653754
-0.0001295032271
0.001053622342
0.03676176816
0.03310457245
0.01591597684
0.003207243746
0.003620989621
-0.02269743755
5.895315098E-6
0.0002439790696
0.000954487361
0.03469296545
-0.003070464823
0.00006321716501
-0.007721304893
-0.03509031236
0.00005210323798
0.00004804728815
0.02217824385
-0.006783602759
0.003858581418
0.02779693343
0.02505360544
-0.002240402857
-0.005237002857
0.03978687897
-0.01512284577
-0.006096616387
-0.03842190281
-0.02041318826
-0.0008972302894
-0.004053011537
-0.01049580518
-0.01975105703
0.007904080674
-0.02577699907
-0.02640343271
0.02685231343
0.0242175106
0.04595724493
-0.04233996943
0.008056020364
0.001225879649
0.00212170789
0.009995299391
-0.01619228907
0.003260243917
0.01944570243
-0.01403253246
-0.0001411741105
0.02951475233
0.002461797558
-0.02604403906
-0.01980116591
0.03902768716
0.001498801983
-0.04759053141
0.04676664621
0.0303523615
-0.007435467094
-0.03794388101
-0.0003314825881
0.0216158852
-0.001425608993
0.02432542294
0.006870978978
0.01805396006
-0.02470655926
0.03217687085
0.006790086161
0.04001428187
-0.007332977839
0.03070675768
-0.006517308764
-0.03537047282
-0.04811633006
-0.02002429217
0.02142970636
0.002468958264
-0.02529259771
0.001427081297
-0.0008054854698
0.001578782569
-0.007309048437
0.0003627201659
0.02766538784
0.009485421702
0.01939400099
-0.03918266669
-0.00005624581172
0.03997150436
0.01288802922
-0.01866971888
0.006003134418
0.003352154745
0.002077719662
-0.03345756605
-0.0007873122813
-0.006147914566
-0.04311676696
-0.00266450108
-0.0214101579
0.0009181796922
0.01540667471
-0.04031307623
0.01341524161
-0.03232588246
-0.0361091271
0.006646799389
-0.002222217387
0.01005787775
0.01553669479
-0.003704312257
0.04462616146
-0.04572093859
0.004621551838
0.001556486823
0.004801759031
0.003049089806
-0.002706908854
-0.001198617043
-0.000931703893
-0.01384859998
-0.01843113638
-0.01866015047
0.01120565739
-0.04384034127
-0.02202282846
-0.02720213123
0.01015815418
-0.02852951363
-0.04285552725
-0.007565964945
-0.002302164212
-0.04185311869
-0.002765434794
0.00290832622
-0.006366931368
0.02809880488
0.04963361099
-0.02055317163
0.004575217608
0.03852058947
0.02318086661
0.0234261658
0.0002349787101
-0.02291869931
-0.000759720162
0.04854020104
0.03266459331
0.02570492215
0.000468858052
0.01695948094
-0.02783545665
0.002328450559
-0.006236228626
0.04901837185
-0.007376490161
-0.01742519997
array of X[1] with 60 elements
0.0004585454299
0.08180443943
0.1484928429
0.2096434087
0.2656731606
0.3225988746
0.364331305
0.4291602075
0.4636354148
0.5038895011
0.5326746106
0.576969564
0.6061320305
0.6310756803
0.663597405
0.6893446445
0.7163667083
0.7354730964
0.7547613978
0.769370079
0.7811236978
0.7971438766
0.8144134283
0.8370255232
0.8454959393
0.8565488458
0.8615175486
0.8778278232
0.8876411319
0.8940974474
0.9042539001
0.9101005793
0.9263950586
0.9234573245
0.9217968583
0.9348504543
0.9423716664
0.9435845613
0.941044271
0.9515657425
0.9498023987
0.9604173899
0.9619065523
0.9648871422
0.9733752608
0.9708017111
0.9714170694
0.9742630124
0.9854933023
0.9779448509
0.9768093824
0.9910259247
0.9872044325
0.983022213
0.9850998521
0.9863077402
0.9865208864
0.9888721704
0.9874828458
0.9917562604
