*******************new*record*******************
nY= 2
nX= 2
Y[0]= 0.3249999881
Y[1]= 0.9300000072
array of X[0] with 400 elements
0.9868911505
1.040743351
0.9969077706
1.014448047
0.9725856185
0.9938234091
0.9741224051
0.9808995724
0.9699180126
0.9380671978
0.9298271537
0.9589853287
0.9297263026
0.9335612655
0.8956243992
0.9345448613
0.9239466786
0.8853043914
0.8829631209
0.8872932196
0.8570536375
0.8859174848
0.8286085725
0.8200232983
0.8284562826
0.7978525162
0.7853041887
0.7625260353
0.7614942789
0.7626031041
0.7684431076
0.7057304382
0.705522418
0.7190591097
0.7006192207
0.6910871863
0.7304140925
0.6628031135
0.6964222789
0.6549438834
0.6259701252
0.5964062214
0.605178535
0.6102905273
0.6206027865
0.6146031618
0.5952805281
0.6003777385
0.642090857
0.6110995412
0.5903522968
0.5837336183
0.5481710434
0.5459743738
0.5645418763
0.5574595332
0.5670053959
0.5162850022
0.5143389106
0.5566567183
0.5252578855
0.5523859262
0.5486732721
0.5391508937
0.5436764956
0.5377560258
0.5376065373
0.5582166314
0.5059834123
0.5314653516
0.5225693583
0.5204721689
0.5320258141
0.4916484356
0.5265637636
0.5132988095
0.4898757935
0.5091469288
0.5020259023
0.5096511245
0.4792018533
0.4723773003
0.4906868935
0.4379075468
0.4738288224
0.5002821088
0.4755413532
0.4722718
0.470865041
0.4441502988
0.4682999849
0.4598804414
0.5001193881
0.4390406311
0.4539411366
0.4413269162
0.4115546644
0.4356651604
0.4330604076
0.4229989052
0.4414161146
0.4200492799
0.3769560456
0.4508499503
0.4084350467
0.4037746787
0.3537453115
0.3689174354
0.3958162069
0.3816579878
0.3885083795
0.3939393163
0.3865180612
0.3349259198
0.3795966208
0.3160489202
0.3284042478
0.3560534418
0.3534064591
0.349468261
0.3221372068
0.3253973424
0.3379402459
0.2872187495
0.3693676293
0.3218524158
0.3318925798
0.3085791767
0.3382989466
0.3407975137
0.3090960681
0.277184099
0.3472827375
0.3024039865
0.258453697
0.2510482967
0.2982847691
0.3185677826
0.3139169812
0.2769563198
0.2566723526
0.2684487998
0.2717057168
0.255550921
0.2721860111
0.2541421056
0.2356385887
0.2311882526
0.2533478439
0.2420302331
0.2567135692
0.2363217473
0.1876817644
0.2137904465
0.227809757
0.2131212503
0.2201254666
0.1784648299
0.1894227713
0.194803223
0.2051551491
0.2377192974
0.1996549219
0.1852485687
0.1934240162
0.2258826196
0.1875288337
0.1962628961
0.1779915988
0.1788036972
0.2102438509
0.2125188708
0.1900483221
0.1235364303
0.1892664731
0.1476378292
0.1289415061
0.1204358861
0.1283504516
0.1069265679
0.1773831546
0.1197787672
0.1651748121
0.1384500414
0.1390214264
0.1132595018
0.1328448951
0.1255871952
0.1775380671
0.1742276102
0.1330367774
0.09392597526
0.1322886795
0.1104506254
0.1661327481
0.1122411191
0.1200996041
0.07298771292
0.09020906687
0.08583404869
0.108408764
0.1164905801
0.1012375131
0.1216406897
0.07057505101
0.1080543846
0.05883102864
0.04841973633
0.08616628498
0.1310189068
0.08494948596
0.09738589823
0.04749846086
0.08178187907
0.07963454723
0.05938821658
0.0771388039
0.07701515406
0.07232756168
0.07629831135
0.07480752468
0.06725166738
0.07070485502
0.08082083613
0.08090753108
0.07275476307
0.03701461107
0.0242659729
0.02460653149
0.08917510509
0.04998692125
0.06043021008
0.03043998219
0.07830675691
0.02057742327
0.09277712554
0.03191812709
0.01007989049
0.04005736858
0.05431599542
0.01432452165
0.09042207897
0.04115049914
0.02253800444
0.04241660982
0.06289560348
0.03864788637
0.03956926614
0.04868584126
0.01237255894
0.02140893973
0.01829531044
0.07624810189
-0.005538604688
0.02242625877
0.06551326811
0.06971070915
0.04606061056
0.02579597197
0.02910203673
0.05374734849
0.02552935109
-0.0077388715
0.02529528551
0.04825399444
0.0255885981
-0.001168556046
0.009812975302
0.01809694245
-0.01341990102
0.02407174557
0.06078271568
-0.02283749171
-0.003281017067
0.02126542851
-0.009092996828
0.03296466917
0.005969974678
-0.009041103534
-0.002319649793
0.01781033352
0.04100558534
0.009623429738
0.01633588783
0.01322917081
0.004578219727
0.02356122062
0.03880135342
0.01766865514
-0.0243006032
-0.00451447675
0.01306296047
0.03610848263
0.02252358012
0.06114755198
0.04508214816
0.003728642128
0.03129764646
-0.01093540248
0.0578764677
0.01029003784
-0.03119229712
0.008021077141
0.0496019721
-0.02846657299
0.05628539622
-0.006194825284
0.0173163563
-0.01277576759
0.03160714358
0.006452407222
-0.02910074219
0.002810693812
0.00549483439
0.01276259404
0.00487163756
-0.04004747421
0.01566825621
0.04676070809
-0.01057654899
0.04693338647
-0.03640821949
0.05433730036
-0.001535147312
-0.01697353087
-0.01336721517
-0.007456088904
-0.02558847889
0.02560014464
0.01818513125
-0.02713080682
0.003181447042
0.0238002073
0.003847913351
-0.02329442278
0.006218688563
0.02168677747
0.008798663504
-0.03044614755
0.004391432274
-0.0174063351
0.003189660376
-0.01642213576
-0.01078860927
0.00345917698
-0.01692782901
0.03826808929
0.03396237642
0.006198560819
-0.007344885729
0.002208642662
0.01899071224
0.04318930581
0.002356168348
-0.04737551138
0.007472959347
-0.04291123897
0.04641531035
-0.002663888969
0.02605951205
0.009757773019
0.02391970903
0.004105924629
0.01221511886
-0.03799180686
0.004986019805
-0.01027947944
-0.01273089554
-0.004327120725
-0.008437007666
-0.01619626209
0.03783230484
0.01523446478
0.006506994832
-0.005905856844
0.006723873317
-0.007181876339
-0.001119133434
0.001644787146
-0.03574244678
0.004032108933
-0.001661168062
-0.0224088151
0.04463921487
-0.02548858337
0.002642393112
-0.04720631614
0.04918181151
-0.009267607704
-0.03369040042
0.005447739735
0.04961918294
-0.02540259995
-0.003356169909
0.000171619482
-0.03875245899
-0.01383237541
-0.001059675822
-0.02749238536
-0.03442599252
array of X[1] with 60 elements
0.009146521799
0.1740141809
0.3103603721
0.4328835607
0.5296459198
0.6047121286
0.6695984602
0.7273266912
0.7734115124
0.8168874383
0.8385148048
0.8727290034
0.8917297125
0.9104225039
0.9261211753
0.9326589704
0.9561143517
0.9672483206
0.9711492062
0.9721724987
0.9756035805
0.9866711497
0.9830276966
0.9907984734
0.9931485057
0.9956008792
0.9918926358
0.9934540987
0.9942883253
1.004304051
0.9943317771
0.9887976646
0.9942003489
0.9924662113
0.9946365952
0.995380044
0.998718977
0.9978479743
0.9991108179
1.000460386
0.9909311533
0.9981911778
0.9984106421
0.9952284694
0.9971815348
0.999751091
0.9991701841
1.000770569
1.001720548
0.995470047
0.9998774529
0.9999238849
0.9988906384
1.001223445
0.9999815226
0.9993863106
1.00855422
1.007157564
0.9910259843
1.008799314
