*******************new*record*******************
nY= 2
nX= 2
Y[0]= 0.6750000119
Y[1]= 0.8999999762
array of X[0] with 400 elements
1.026200652
0.9910361767
0.9877933264
0.9769426584
0.9786339998
0.9795420766
0.9591883421
0.9202168584
0.9025615454
0.9744823575
0.914114356
0.9092751741
0.8872715235
0.8198597431
0.8515685797
0.8158758879
0.8015112877
0.8367690444
0.7624997497
0.7519891262
0.7553470731
0.7193441391
0.6798866391
0.6088708043
0.634753406
0.6103774309
0.6262056231
0.5628855228
0.5401784182
0.521094501
0.5041384697
0.5306023359
0.4304666817
0.4402422607
0.4707273543
0.4020782709
0.4058797657
0.3857019544
0.3791979253
0.3106614351
0.3099337518
0.3358133137
0.360928297
0.3156768382
0.3088106215
0.2929372787
0.2881898284
0.2446798831
0.2796137929
0.3156933784
0.2743530273
0.2435907423
0.2361762226
0.2405337095
0.2561019063
0.2685042024
0.205259487
0.2108948082
0.2124123722
0.2444418073
0.2292229235
0.2673549354
0.2178391665
0.267203331
0.2375729978
0.2594165802
0.2191718668
0.2614772618
0.2135748863
0.224653244
0.2048633546
0.2356180102
0.1894762814
0.2502781451
0.2147668898
0.2249919623
0.2309387177
0.2197339833
0.2190539241
0.1790407151
0.2464589626
0.2267171144
0.2001377195
0.1837115884
0.2095899731
0.2424537688
0.2454505712
0.2202357799
0.2000995427
0.2262298167
0.2337463647
0.2236632407
0.2367025614
0.2364420891
0.2183994651
0.2034408748
0.1594851613
0.2188546658
0.1612642705
0.2016305178
0.2133351117
0.1937730312
0.2012691051
0.1683752537
0.1488097608
0.1589320004
0.1701674163
0.1849698722
0.1778440177
0.1852983683
0.2162362039
0.1484389156
0.1789633781
0.2103548795
0.1687860489
0.1983232498
0.1515872926
0.1857349724
0.1735886633
0.1561397612
0.1415392905
0.1598791927
0.1559502929
0.1926179826
0.1608887315
0.1719183773
0.1422000378
0.1507332921
0.1208463386
0.1369925588
0.1907772422
0.1464272439
0.1464360654
0.1502895653
0.156774044
0.145505473
0.1594962031
0.1563266218
0.1236904189
0.1196318418
0.100913249
0.1258250028
0.1233349815
0.09141203761
0.1172556579
0.1509874612
0.1244786233
0.09622493386
0.1324580908
0.1119233742
0.1329243034
0.09816339612
0.1018136367
0.1385620385
0.08264017105
0.1033665463
0.0974290818
0.07709078491
0.1019111127
0.08681384474
0.04548735917
0.09385585785
0.1320378333
0.05743739009
0.04337492585
0.1203729436
0.05976346508
0.03771973774
0.1212862879
0.09207616746
0.07962339371
0.1105579659
0.07813019305
0.1123103797
0.1118291765
0.04204111546
0.03421893343
0.07341899723
0.07861361653
0.04873403162
0.1090650409
0.06753181666
0.08883016557
0.02490551025
0.06391424686
0.1062208638
0.01965969428
0.06405988336
0.07846292108
0.09818904102
0.06819395721
0.01574804075
0.05312468484
0.09364717454
0.02417291142
0.007050332148
0.05568564311
0.07602472603
0.04642308131
0.08485139906
0.04909382015
0.01711143553
0.03897761926
0.05289003626
0.05151675269
0.03806741536
0.04752390459
0.04410519078
0.003649986815
0.06144016236
0.03742489219
0.0429585427
0.07688309252
0.02934082039
-0.002523282776
0.03639348224
0.03482617438
0.05528188497
0.02597694099
0.006035422906
0.03191487119
0.05333201215
0.02578309737
0.01071948558
-0.01336838678
0.03396752477
-0.004936167039
0.06757750362
0.04413634911
0.02904421836
0.05341998488
-0.01470426843
0.05122667551
0.02744155191
0.05075791851
0.01281936374
0.02946740016
0.01961757056
0.01889716275
0.04595571011
0.0229033716
-0.0003271815076
0.004919595085
-0.02659127116
0.01877247356
0.05669780076
0.02528045513
0.005280212965
0.01704334095
0.01870076358
0.0387701802
0.02135893144
0.04263189435
0.01863284409
0.05205042288
0.03062267601
0.03898343071
-0.01943139359
0.008474616334
0.0300562568
-0.0009969946695
0.04552352056
0.02111118659
-0.02316131815
0.008783455007
0.05442468077
0.008125359192
-0.01069858391
0.01003695186
0.01681032777
0.0119831115
-0.0111252917
-0.02112069353
0.009181528352
0.04578584805
0.04221255332
0.0214631781
0.01546269003
0.04540137947
-0.007094789762
0.03015018627
-0.00642000325
-0.01199664548
0.01020744629
0.006783762947
-0.03615920991
-0.0106721418
-0.03050638922
0.03450909629
0.01099255029
0.04880294576
-0.02240295894
-0.02960364521
0.005196050741
-0.001984611386
0.00550449919
0.0006746628205
0.01783363521
0.004598035477
0.007839304395
-0.0004074011813
0.006190652493
-0.02440663427
0.001953832572
0.03435405716
0.01878379658
0.004061782267
-0.0115261171
0.02017087303
-0.02903414518
0.002037494443
-0.02586705238
0.003504614346
0.006583915092
0.02940841578
-0.003125598654
0.02613664605
-0.007255190518
-0.03273817152
-0.01261747349
-0.0006128005334
0.03424707055
0.0174549371
0.006259137299
0.04003454
0.002042525215
0.0158983022
-0.0277712252
0.001849825261
-0.01994153485
-0.02480504103
-0.005047646817
0.01371451374
0.04052110016
0.01657851599
-0.001974332146
-0.04495279491
0.03903918713
-0.009226365946
0.003538422519
0.02187631093
-0.0002766166581
-0.006240224466
-0.02346138284
-0.001799090183
0.001338730799
0.01428807341
-0.0290768221
-0.04586580768
0.01105718315
0.00113423157
-0.02307846397
0.008922236972
0.003301493824
-0.004474770278
0.00241202116
-0.02079352923
-0.01452842634
0.01035154052
-0.00529001141
-0.001399722416
0.03392288461
-0.01405583415
0.0004799228918
-0.01266861148
-0.01187888999
0.004030195996
0.01891916804
0.02678783424
-0.02563608252
-0.02115353011
0.001241597813
-0.02705826983
0.002884177258
0.03783479705
0.01398330089
-0.00602510618
0.0003716373176
0.002098278375
-0.002403135179
0.03535133228
-0.0006582015194
-0.007277152501
0.01923580281
0.0002461818804
-0.008542230353
0.00488194311
-0.0338668637
0.04682556912
-0.0041662273
0.02788567916
-6.699312507E-6
0.0001370125538
0.03595374152
0.00009974930435
-0.02328761294
0.000184679724
0.02791651525
-0.01257789973
0.02904353477
array of X[1] with 60 elements
-0.0007495635073
0.1061947569
0.2063166499
0.2920294106
0.3743751049
0.4428936243
0.5046571493
0.5587179065
0.6057209373
0.6481919289
0.6896752715
0.7185614705
0.7564989328
0.7812913656
0.8115606904
0.8221517801
0.8447380066
0.8642173409
0.8868684173
0.8981079459
0.8936618567
0.9225074649
0.9195002317
0.941179812
0.9393467903
0.9406840205
0.9500530958
0.9572619796
0.9562210441
0.9641190171
0.9642959237
0.9651168585
0.9774381518
0.9875353575
0.9820874929
0.9839472771
0.9752317071
0.9912377596
0.987770021
0.9958016872
0.9989644289
0.9826570153
0.9928838015
0.9835234284
0.9862492085
0.9851515293
0.9949025512
0.9987014532
0.9963538647
1.004097819
1.005396128
0.9983564615
0.9950977564
1.005016685
0.9993069172
0.9935539365
0.9979782701
1.008084178
1.005217195
0.9994443655
