*******************new*record*******************
nY= 2
nX= 2
Y[0]= 0.5249999762
Y[1]= 0.1609999985
array of X[0] with 400 elements
0.9993190169
0.9723384976
0.9968301654
1.037564993
0.9888486266
0.9824713469
0.9550631046
0.9548535347
0.9674940109
0.9458115101
0.9392971396
0.891715467
0.8990665078
0.8765479922
0.8558215499
0.8742869496
0.8167050481
0.8400039077
0.7951087356
0.7848414779
0.7486847043
0.7422178984
0.6791003942
0.7150137424
0.6905232668
0.6621803641
0.6685519814
0.630843401
0.6228771806
0.6349183917
0.5664938688
0.5101130009
0.5477840304
0.5324784517
0.5028431416
0.5086427927
0.4371246397
0.4629408121
0.4399833381
0.4625428319
0.3923816383
0.4277585745
0.3771876395
0.3804075122
0.3842745125
0.3688544333
0.3612993062
0.3085312843
0.3672519326
0.3442092538
0.2865016758
0.2946679592
0.3139919639
0.2956553102
0.3020742238
0.3179773688
0.320150435
0.3280032873
0.2671075761
0.2499099821
0.2271354049
0.2653647065
0.2613258958
0.2603322268
0.2641092241
0.2069599181
0.293656379
0.213000387
0.2507405877
0.2303386182
0.2632196844
0.2201147676
0.2650705576
0.1790133119
0.2239314914
0.2572057843
0.2083793133
0.1764291078
0.173726812
0.2073917687
0.234918952
0.2270061672
0.1914375275
0.1659517139
0.1855945736
0.1537554711
0.1634741575
0.1750269681
0.1974787116
0.118141897
0.1834446341
0.1639418155
0.1547333598
0.127757445
0.1918371022
0.1553275436
0.1441008747
0.1450531781
0.1866940558
0.1362958103
0.1346341074
0.1148515865
0.1201746613
0.1168588251
0.08300898969
0.1204415187
0.1100251526
0.1141472012
0.09274787456
0.08950056136
0.08122713864
0.09871376306
0.08166320622
0.1307879537
0.05157140642
0.03731102496
0.0709637329
0.0838971734
0.1287877113
0.0770309642
0.07351595163
0.04981581494
0.04435420036
0.06843093783
0.06542787701
0.0617742762
0.0445788987
0.05793914571
0.01414232142
0.05619768798
0.0104931891
0.03942807764
0.09421953559
0.04242786765
0.05054739118
0.04808370769
0.05110426992
0.02911591716
0.03968181461
0.05265118927
0.0800511837
0.01403056178
0.03675936162
0.04407810792
-0.01479393709
-0.01112781558
0.03039592691
0.00779920537
-0.002043263987
0.01936368272
0.04060693458
-0.008024726994
-0.01445005368
0.007995069027
-0.01929488592
0.00976992026
-0.006139150355
0.05319580436
0.03602354974
0.01429335028
0.04254900292
-0.02198516391
0.01029893942
0.01705594175
0.01015831903
0.01793538034
-0.008338706568
0.03150544316
0.04167827219
0.03192648664
-0.03109977208
0.01920761541
-0.01794200949
0.01908404939
0.02906322852
-0.003861049889
-0.02206030302
-0.02488772199
-0.03455523029
-0.01171540469
0.006704907399
0.01241543144
-0.008548202924
0.005724603776
0.03470779955
0.03526178747
0.004412394948
0.00214903173
-0.007688923273
0.01354946848
-0.03272232413
0.01434252691
0.02192294411
0.01573695056
0.003169172443
0.03562179208
0.02054985426
0.01722984575
-0.0187934842
-0.04637048021
-0.01692231372
-0.04535657167
0.005869358778
0.002315891441
0.00003591537825
0.04322076216
0.02705572359
0.001921930932
0.00467313081
0.01525855064
-0.002104061656
0.0008462878177
0.01238756813
0.00121740764
0.002042700304
-0.03381097317
-0.04569666088
-0.006250728387
0.001061526826
0.02061995119
-0.0002163185418
0.008239565417
0.02711303905
0.04795731232
-0.0001908109552
-0.03303717449
0.04158898816
0.04154631868
0.0376415439
0.0005642382312
0.05051486194
0.0001134203267
0.03267903626
-0.0008155829273
-0.001467366004
-0.0009970200481
0.01735283993
0.02499071881
-0.001293129404
-0.01913558878
-0.04126051813
0.04614643753
-0.003750824369
-0.01740312018
-0.01268245
-0.03226505592
0.006712718401
0.00986552611
0.001623116666
0.004706262611
0.001226153923
-0.02588151954
0.03184465691
0.008267013356
-0.00007402650226
-0.03167942911
-0.01666003279
0.009026183747
0.04410930723
-0.003495748155
-0.004269787576
-0.04311124235
-0.04669038579
0.005502288695
0.002596621867
0.03640222549
-0.04468439892
-0.01220527105
0.03028573655
0.04743542895
-0.01699838601
-0.007479019463
0.004473335575
-0.001629137783
0.005461686291
-0.02975001186
-0.0001680213318
0.009773960337
-0.003641427727
0.002173145302
0.02418132499
0.03942414373
-0.0001722017914
0.004367464688
-0.02575962059
0.02948130853
-0.007096039597
0.04667150229
0.01120193861
0.04292912781
0.04674049094
-0.02036618069
-0.014857186
0.01741994545
-0.001480515464
-0.001386181801
-0.04628980532
-0.0009315712377
-0.0336015299
-0.03827556968
-0.04146495834
-0.006522716954
0.01531772222
0.0170513615
-0.002918457612
-0.00002118582597
0.01724075899
-0.04865758494
0.0008750847192
0.02113890275
0.006986315362
-0.02685128711
-0.01281289384
0.04538054019
-0.01136057824
0.003491655691
0.009800867178
-0.007020315621
-0.02378778905
0.01490522083
-0.0254965499
0.009152114391
0.007320104167
0.00003694727639
-0.03644527495
0.04909418523
-0.001351668732
0.003633287968
0.001382363611
-0.0005093825166
-0.01972531714
-0.01231269818
-0.0008341371431
0.02473472059
0.03119050153
-0.04715368897
-0.009874993004
-0.00924293045
0.009279438294
-0.001655287342
0.002811482642
-0.003252156777
-0.005573347677
0.006241447758
0.007806026377
1.073130065E-7
0.01481494028
0.004745260812
0.04038456455
-0.04777723551
0.03726830706
0.00712580746
0.001709099044
0.01956352592
0.02148952149
0.02930155583
0.02048044652
-0.00003702280446
0.0332306996
0.0003617725451
0.02494185977
-0.02505705506
-0.00477357721
-0.03426858038
-0.0170667544
0.04997128993
0.007440072484
0.01369096991
0.01322618965
0.01216748264
-0.01262532454
0.04627981409
0.0009927523788
0.01530610304
0.002535703126
-0.02778536454
0.007454680279
0.04663108289
0.01622144692
-0.02158480696
0.01174382865
0.001871011104
-0.02333126217
0.0000274172744
-0.0006908384967
-0.02405067161
0.04251176491
0.02573455125
-0.02408204973
0.01555198245
0.03827079758
-0.02766508795
-0.009674924426
-0.009928979911
-0.01512122899
-0.003325409256
0.02420820482
-0.0249164477
0.00782431569
0.01912622713
array of X[1] with 60 elements
-0.002171029337
0.149890691
0.2769510448
0.3920398951
0.4809750021
0.5600672364
0.6222968102
0.6796569228
0.7279052138
0.7706976533
0.8130776882
0.8337202668
0.8698821664
0.8715096116
0.8958069086
0.9139541388
0.9203802943
0.9376513362
0.9507484436
0.9587284923
0.9617496133
0.9778537154
0.9784726501
0.9751995802
0.9803218842
0.9836819768
0.9813026786
0.9865629673
0.981308341
0.9905545115
0.9936808944
1.001544476
0.9962854385
0.9863144755
0.9917343855
0.991659224
1.005708218
0.9972549081
1.00241363
0.9983323812
0.9904434085
1.005170822
0.9943779111
1.005095243
1.000811338
0.9980610013
0.9927396774
0.9936578274
1.000118494
1.009635925
0.9995744228
0.9989284277
0.9997307658
1.003840446
1.000568986
1.007295251
1.007934451
1.00397861
0.9990817308
0.9925037622
