*******************new*record*******************
nY= 2
nX= 2
Y[0]= 0.3249999881
Y[1]= 0.6110000014
array of X[0] with 400 elements
1
0.9995582104
0.9982352257
0.9960384369
0.992980063
0.989076972
0.9843506217
0.9788268805
0.9725357294
0.9655109644
0.9577898383
0.9494131207
0.9404240251
0.9308686256
0.9207947254
0.9102520943
0.8992915154
0.8879647851
0.8763239384
0.8644211888
0.8523081541
0.840035975
0.8276543021
0.8152115345
0.8027541637
0.7903266549
0.7779710889
0.7657268643
0.7536307573
0.7417165041
0.730014801
0.7185531855
0.7073559165
0.6964440346
0.6858353615
0.6755445004
0.6655827761
0.6559586525
0.6466775537
0.6377420425
0.6291521192
0.6209051609
0.6129963994
0.6054189205
0.5981637239
0.5912203193
0.5845766664
0.5782194138
0.5721340179
0.5663053393
0.5607173443
0.5553535223
0.5501971841
0.5452313423
0.5404391289
0.5358038545
0.5313090682
0.526938796
0.5226774216
0.5185102224
0.5144228935
0.5104020238
0.5064349771
0.5025099516
0.4986159801
0.4947430789
0.4908820093
0.4870245755
0.483163327
0.4792917371
0.4754041135
0.4714955091
0.467561841
0.4635996222
0.4596061409
0.4555793107
0.4515176117
0.4474200904
0.4432862699
0.4391161203
0.434910059
0.4306688011
0.4263934791
0.4220853746
0.4177460968
0.413377434
0.4089813232
0.4045598507
0.4001151919
0.3956496418
0.3911654949
0.3866651058
0.3821508288
0.377625078
0.3730901182
0.3685483336
0.3640019894
0.3594532609
0.3549043536
0.3503573537
0.3458142877
0.3412771225
0.3367477357
0.3322279751
0.3277195692
0.3232241571
0.3187433481
0.3142786622
0.3098315299
0.305403322
0.3009953797
0.2966089249
0.2922451794
0.2879052162
0.2835901082
0.2793009281
0.2750385702
0.2708039582
0.2665979862
0.262421459
0.2582751513
0.2541598082
0.2500761449
0.2460247725
0.2420063466
0.2380214632
0.2340706885
0.2301545292
0.2262735069
0.2224280685
0.218618691
0.2148457617
0.2111096978
0.2074108422
0.2037495375
0.2001261264
0.1965408772
0.192994073
0.1894859672
0.1860167831
0.1825867444
0.1791960448
0.1758448184
0.1725332439
0.1692614555
0.1660295427
0.1628376096
0.1596857458
0.1565739959
0.1535023898
0.1504709721
0.1474797428
0.1445287019
0.1416178048
0.1387470216
0.1359163076
0.1331255734
0.1303747594
0.1276637465
0.1249924228
0.1223606765
0.1197683588
0.1172153279
0.1147014126
0.1122264415
0.1097902209
0.107392557
0.1050332487
0.1027120575
0.100428775
0.09818314016
0.09597491473
0.09380384535
0.09166964889
0.08957206458
0.0875107944
0.08548556268
0.08349604905
0.08154196292
0.07962298393
0.0777387917
0.07588906586
0.07407347113
0.07229165733
0.07054330409
0.06882803887
0.06714553386
0.06549540907
0.06387731433
0.062290892
0.06073575839
0.05921155214
0.057717897
0.05625441298
0.05482072011
0.05341644213
0.05204119161
0.05069458485
0.04937623069
0.04808574915
0.04682274908
0.04558683559
0.04437762499
0.04319472983
0.04203775153
0.04090630636
0.03980000317
0.03871845454
0.03766127303
0.03662806749
0.03561845422
0.03463205323
0.03366847336
0.03272733837
0.03180826455
0.03091087751
0.03003480099
0.02917966247
0.02834508754
0.02753070928
0.02673616074
0.02596108057
0.02520510554
0.02446788177
0.02374904975
0.02304826304
0.0223651696
0.0216994267
0.0210506916
0.02041862719
0.01980289817
0.01920317672
0.0186191313
0.01805044152
0.01749678515
0.01695785113
0.0164333228
0.0159228947
0.01542626228
0.01494312566
0.0144731896
0.0140161626
0.01357175596
0.01313968748
0.01271967683
0.01231144927
0.01191473287
0.01152926311
0.01115477458
0.01079101115
0.01043771673
0.01009464264
0.009761543013
0.009438174777
0.009124301374
0.008819689974
0.008524109609
0.008237336762
0.007959149778
0.007689331193
0.00742766913
0.007173953578
0.00692798011
0.006689548027
0.006458459888
0.006234522909
0.006017547566
0.005807348527
0.005603744183
0.005406557117
0.005215612706
0.005030740518
0.004851774313
0.004678550176
0.004510908853
0.004348694347
0.00419175392
0.004039938096
0.003893101355
0.003751100972
0.003613798181
0.003481056308
0.003352743108
0.003228728892
0.003108886769
0.002993093804
0.002881228924
0.002773175249
0.002668817528
0.002568044234
0.002470746636
0.002376818098
0.002286155475
0.002198657719
0.002114226576
0.002032766584
0.001954184379
0.001878389507
0.00180529349
0.001734810416
0.001666856813
0.001601351309
0.001538214856
0.001477370504
0.001418743632
0.001362261479
0.001307853498
0.001255451003
0.001204987406
0.001156397862
0.001109619625
0.001064591575
0.001021254575
0.0009795508813
0.0009394249646
0.000900822517
0.0008636910352
0.0008279796457
0.0007936389302
0.000760621042
0.0007288795314
0.000698369462
0.0006690472364
0.0006408705958
0.0006137987366
0.0005877920776
0.0005628122017
0.0005388219724
0.0005157855921
0.0004936681944
0.0004724361643
0.0004520569928
0.0004324991896
0.0004137323413
0.0003957270237
0.0003784547735
0.0003618881165
0.00034600051
0.0003307662555
0.0003161605564
0.0003021595185
0.0002887399751
0.0002758796036
0.0002635568671
0.0002517509565
0.0002404418192
0.000229610072
0.0002192370303
0.0002093046787
0.000199795657
0.0001906931866
0.0001819811441
0.000173643959
0.0001656666136
0.0001580346725
0.0001507342095
0.0001437518076
0.0001370745595
0.0001306900376
0.0001245862513
0.0001187517119
0.0001131753015
0.0001078463611
0.0001027546314
0.0000978902317
0.0000932436742
0.00008880582027
0.00008456790238
0.00008052148041
0.00007665844169
0.00007297100092
0.00006945166388
0.00006609324919
0.00006288883742
0.00005983180381
0.0000569157819
0.0000541346526
0.0000514825515
0.000048953847
0.0000465431367
0.0000442452365
0.00004205517689
0.0000399681885
0.00003797969839
0.00003608532643
0.00003428086711
0.00003256229684
0.00003092575207
0.0000293675439
0.0000278841253
0.00002647210567
0.0000251282363
0.00002384940672
0.00002263263923
0.0000214750853
0.00002037401646
0.00001932682244
0.00001833100578
0.00001738417996
0.00001648406032
array of X[1] with 60 elements
0
0.1721504182
0.3146650791
0.4326457679
0.5303160548
0.6111723185
0.678109169
0.7335228324
0.7793969512
0.8173738718
0.8488130569
0.8748399615
0.8963863254
0.9142234325
0.9289898872
0.941214323
0.9513342977
0.9597121477
0.9666476846
0.9723893404
0.9771425128
0.9810774326
0.9843349457
0.9870316982
0.9892641902
0.9911123514
0.9926424026
0.9939090014
0.9949575663
0.9958256483
0.9965442419
0.9971391559
0.997631669
0.9980393648
0.9983769059
0.9986563325
0.9988875985
0.9990791082
0.9992376566
0.999368906
0.9994775057
0.9995674491
0.9996419549
0.9997035861
0.9997546077
0.9997968674
0.9998317957
0.9998607635
0.9998847246
0.999904573
0.9999210238
0.9999346137
0.999945879
0.9999551773
0.9999629259
0.9999693036
0.9999745488
0.9999789596
0.9999825954
0.9999855757
