*******************new*record*******************
nY= 2
nX= 2
Y[0]= 1
Y[1]= 0.7649999857
array of X[0] with 400 elements
1
0.9987791181
0.9951239824
0.9890571237
0.9806157351
0.9698514342
0.9568298459
0.9416297674
0.9243427515
0.9050719738
0.8839313984
0.8610448837
0.8365448117
0.8105712533
0.7832702994
0.7547932267
0.7252950668
0.6949332356
0.6638663411
0.6322529316
0.6002501845
0.5680128932
0.5356920362
0.5034341812
0.4713799953
0.4396638274
0.4084125161
0.3777449727
0.3477713466
0.3185927868
0.2903007567
0.2629770041
0.2366932482
0.2115110755
0.1874820441
0.164647758
0.1430400312
0.1226811931
0.1035844535
0.08575428277
0.06918692589
0.05387090147
0.03978756443
0.02691172808
0.01521227043
0.004652774893
-0.004807821941
-0.01321458258
-0.02061592788
-0.02706300654
-0.03260909393
-0.03730900213
-0.04121851549
-0.04439388216
-0.0468913205
-0.04876657203
-0.0500744842
-0.05086865276
-0.05120109767
-0.05112197995
-0.05067935586
-0.04991898313
-0.04888416082
-0.04761561379
-0.04615138844
-0.04452682659
-0.04277452826
-0.04092435911
-0.0390034914
-0.03703645244
-0.03504520655
-0.03304924816
-0.03106570244
-0.02910944819
-0.027193252
-0.02532789297
-0.02352230996
-0.02178374305
-0.02011786774
-0.01852895319
-0.01701998524
-0.0155928107
-0.01424826775
-0.01298630703
-0.01180611365
-0.01070621796
-0.009684596211
-0.008738771081
-0.007865899242
-0.007062846795
-0.006326270755
-0.005652676336
-0.00503847748
-0.00448004948
-0.003973768558
-0.003516053781
-0.003103395225
-0.002732382622
-0.002399725374
-0.002102270257
-0.001837013173
-0.001601108699
-0.001391875674
-0.001206800807
-0.001043538214
-0.0008999092388
-0.0007738982677
-0.0006636485923
-0.0005674567656
-0.0004837656452
-0.000411157409
-0.000348345784
-0.0002941677812
-0.0002475758665
-0.0002076294768
-0.0001734871767
-0.0001443986112
-0.0001196969024
-0.0000987913445
-0.00008116041136
-0.00006634517194
-0.00005394309119
-0.00004360227831
-0.00003501612809
-0.00002791838051
-0.00002207859507
-0.00001729800897
-0.00001340578183
-0.0000102555814
-7.72252497E-6
-5.700427664E-6
-4.099343641E-6
-2.84338148E-6
-1.868768209E-6
-1.122140361E-6
-5.590415526E-7
-1.426087124E-7
1.57575073E-7
3.664759447E-7
5.044707905E-7
5.880894491E-7
6.306516411E-7
6.428113011E-7
6.330196811E-7
6.079181958E-7
5.726691938E-7
5.312343205E-7
4.866067229E-7
4.410045733E-7
3.960306287E-7
3.528040793E-7
3.120679253E-7
2.742764593E-7
2.396658374E-7
2.083104107E-7
1.801678025E-7
1.55114023E-7
1.329708681E-7
1.135271148E-7
9.655425259E-8
8.181837075E-8
6.908861394E-8
5.814312232E-8
4.877295723E-8
4.078448512E-8
3.400063164E-8
2.826124046E-8
2.342285654E-8
1.935803517E-8
1.595440757E-8
1.311355735E-8
1.07498046E-8
8.788976658E-9
7.167193061E-9
5.829702499E-9
4.729790337E-9
3.82776788E-9
3.090053546E-9
2.488342199E-9
1.998865296E-9
1.601734745E-9
1.28036648E-9
1.02097808E-9
8.121521788E-10
6.444609291E-10
5.101430944E-10
4.028286593E-10
3.173051544E-10
2.493196205E-10
1.954119228E-10
1.527749593E-10
1.19137783E-10
9.266828277E-11
7.189242951E-11
5.562754771E-11
4.292729366E-11
3.303647633E-11
2.535406607E-11
1.940302606E-11
1.48057417E-11
1.126411377E-11
8.543444598E-12
6.459460571E-12
4.8678752E-12
3.656020365E-12
2.736166111E-12
2.040189849E-12
1.515346876E-12
1.120916619E-12
8.255538722E-13
6.052024658E-13
4.414569838E-13
3.202792035E-13
2.309964557E-13
1.655215136E-13
1.177471884E-13
8.307787238E-14
5.80680591E-14
4.014447601E-14
2.739297606E-14
1.839573788E-14
1.210728905E-14
7.760397278E-15
4.794911213E-15
2.804132006E-15
1.494563377E-15
6.558102302E-16
1.38168782E-16
-1.639900387E-16
-3.244825196E-16
-3.943172627E-16
-4.082734275E-16
-3.896793867E-16
-3.53862175E-16
-3.106210107E-16
-2.659872713E-16
-2.234663762E-16
-1.849053204E-16
-1.510917916E-16
-1.221626121E-16
-9.787722462E-17
-7.779715056E-17
-6.140050514E-17
-4.815225803E-17
-3.754479494E-17
-2.911914646E-17
-2.247377098E-17
-1.726580875E-17
-1.320792537E-17
-1.006292595E-17
-7.637416498E-18
-5.775366351E-18
-4.3520284E-18
-3.268455918E-18
-2.44672167E-18
-1.825843831E-18
-1.358377701E-18
-1.007607109E-18
-7.452595915E-19
-5.496648258E-19
-4.042847829E-19
-2.96550195E-19
-2.169452021E-19
-1.582924744E-19
-1.151978121E-19
-8.362098059E-20
-6.054593084E-20
-4.372836994E-20
-3.150349028E-20
-2.2640082E-20
-1.623031275E-20
-1.160672209E-20
-8.279975342E-21
-5.892328197E-21
-4.182959865E-21
-2.962228891E-21
-2.092616296E-21
-1.474665022E-21
-1.036633709E-21
-7.269081873E-22
-5.084505146E-22
-3.547512287E-22
-2.468850896E-22
-1.713758034E-22
-1.186516852E-22
-8.193175626E-23
-5.642435541E-23
-3.875222083E-23
-2.654111787E-23
-1.812627391E-23
-1.234341545E-23
-8.380437794E-24
-5.672381647E-24
-3.827273067E-24
-2.573896742E-24
-1.725107849E-24
-1.152134113E-24
-7.666209935E-25
-5.081218258E-25
-3.354055624E-25
-2.204338186E-25
-1.441992992E-25
-9.385838701E-26
-6.07612655E-26
-3.910263945E-26
-2.500027474E-26
-1.5867706E-26
-9.988527508E-27
-6.228440492E-27
-3.84112514E-27
-2.337839174E-27
-1.400128825E-27
-8.216254032E-28
-4.693885127E-28
-2.583387779E-28
-1.344232657E-28
-6.358248267E-29
-2.455661339E-29
-4.220395235E-30
5.424037127E-30
9.172980135E-30
9.845474246E-30
9.055259924E-30
7.692955635E-30
6.223948808E-30
4.870049021E-30
3.718522342E-30
2.786234951E-30
2.056421478E-30
1.499010803E-30
1.081274529E-30
7.729259978E-31
5.481481091E-31
3.860109273E-31
2.70115836E-31
1.879312895E-31
1.300625724E-31
8.957381564E-32
6.140862422E-32
4.191983008E-32
2.850072746E-32
1.930317183E-32
1.302613485E-32
8.759601701E-33
5.870761151E-33
3.921910536E-33
2.611800592E-33
1.734050879E-33
1.14788658E-33
7.57675399E-34
4.98703662E-34
3.273422537E-34
2.142810948E-34
1.398967192E-34
9.109411394E-35
5.916263068E-35
3.832589128E-35
2.476487647E-35
1.596206678E-35
1.026264898E-35
6.581942563E-36
4.210934082E-36
2.687427683E-36
1.710928835E-36
1.086589788E-36
6.883957851E-37
4.350596769E-37
2.742807895E-37
1.724942358E-37
1.082135699E-37
6.771904309E-38
4.227216082E-38
2.632108512E-38
1.634738533E-38
1.012688693E-38
6.257093317E-39
3.855871709E-39
2.369777872E-39
1.452471082E-39
8.877660174E-40
5.410721656E-40
3.288118821E-40
1.992254053E-40
1.203393082E-40
7.245834099E-41
4.348649524E-41
2.60095008E-41
1.550116361E-41
9.205129612E-42
5.444044534E-42
3.206170886E-42
1.880542539E-42
1.097216698E-42
6.375908013E-43
3.685414961E-43
2.115960681E-43
1.205116679E-43
6.866362475E-44
3.783505854E-44
2.101947696E-44
array of X[1] with 60 elements
0
0.0550820902
0.1071301475
0.1563112885
0.2027834207
0.2466957718
0.2881893516
0.3273973763
0.3644457161
0.3994533718
0.4325327575
0.4637900293
0.4933255911
0.5212342739
0.5476056933
0.5725245476
0.5960707664
0.6183200479
0.6393437386
0.6592094898
0.6779808998
0.6957184076
0.7124788761
0.7283161283
0.7432810664
0.7574216723
0.7707833648
0.7834091187
0.7953394055
0.8066125512
0.8172647357
0.8273301721
0.836841166
0.8458282948
0.8543204069
0.8623447418
0.8699271083
0.8770917654
0.8838618398
0.8902589679
0.8963037133
0.9020155072
0.9074127078
0.9125126004
0.9173315763
0.9218851328
0.9261878729
0.9302536249
0.9340953827
0.937725544
0.9411557317
0.9443970323
0.9474597573
0.9503538013
0.9530884027
0.9556723833
0.958114028
0.9604212046
0.9626013041
0.9646613002
