*******************new*record*******************
nY= 2
nX= 2
Y[0]= 0.9499999881
Y[1]= 0.5149999857
array of X[0] with 400 elements
1
0.9988363981
0.9953527451
0.9895703197
0.9815246463
0.9712646604
0.9588527679
0.9443638325
0.9278848171
0.9095138311
0.8893591166
0.8675383925
0.8441774249
0.8194093108
0.7933729887
0.7662121058
0.7380740643
0.7091084123
0.6794658899
0.6492971182
0.6187516451
0.5879763365
0.5571149588
0.5263065696
0.4956851304
0.4653781354
0.4355062544
0.4061824977
0.3775116503
0.3495897949
0.3225040138
0.2963319719
0.2711419165
0.2469924986
0.2239327431
0.2020022869
0.181231454
0.1616415679
0.1432452649
0.1260469258
0.1100430712
0.09522290528
0.08156884462
0.06905705482
0.05765809864
0.04733749107
0.03805634007
0.02977195568
0.02243846096
0.0160073787
0.01042822655
0.005649057683
0.001616994385
-0.001721272711
-0.004419024568
-0.006529087201
-0.008103441447
-0.009192879312
-0.009846690111
-0.01011239644
-0.01003552601
-0.00965942163
-0.009025091305
-0.008171088994
-0.007133440115
-0.005945587065
-0.004638371523
-0.003240040736
-0.001776281511
-0.0002702702186
0.00125725253
0.002787894569
0.004305509385
0.00579608418
0.00724761514
0.008649982512
0.009994816035
0.01127535757
0.01248633023
0.01362380106
0.01468504593
0.01566842571
0.01657325961
0.01739970408
0.01814864762
0.01882159337
0.01942057163
0.01994804293
0.02040681429
0.0207999628
0.02113076858
0.02140265144
0.02161911316
0.02178369649
0.02189993858
0.02197133191
0.02200130187
0.02199317701
0.0219501704
0.02187536098
0.02177168988
0.02164193615
0.021488728
0.0213145297
0.02112164348
0.02091221325
0.02068822272
0.0204515066
0.02020374872
0.01994649135
0.01968114264
0.01940898784
0.01913118921
0.01884879544
0.01856275648
0.01827392168
0.01798305288
0.01769083366
0.01739786752
0.01710469462
0.01681179367
0.01651958376
0.01622843556
0.01593867876
0.01565059833
0.01536444295
0.01508043148
0.01479875296
0.01451957226
0.01424303092
0.01396925095
0.0136983376
0.01343038119
0.01316545717
0.01290363166
0.01264495868
0.01238948293
0.01213724352
0.01188827027
0.0116425883
0.01140021812
0.01116117463
0.01092546806
0.01069310494
0.01046409179
0.01023842767
0.01001611166
0.009797140956
0.009581509046
0.009369209409
0.009160230868
0.008954563178
0.008752194233
0.008553110063
0.008357295766
0.008164733648
0.007975406945
0.007789297029
0.007606384344
0.007426647935
0.007250066381
0.007076616865
0.006906276103
0.006739020348
0.006574823521
0.006413660944
0.006255505607
0.006100330502
0.00594810769
0.005798808765
0.005652405322
0.005508867092
0.005368164275
0.005230266135
0.00509514194
0.004962760024
0.004833088722
0.004706095904
0.004581748508
0.004460013937
0.004340858664
0.004224249627
0.004110153299
0.00399853522
0.003889361629
0.003782598302
0.003678210545
0.003576164134
0.003476424143
0.003378956346
0.003283725819
0.003190697636
0.003099837573
0.003011110239
0.00292448164
0.002839916851
0.002757381182
0.002676840406
0.002598260297
0.002521606395
0.002446844708
0.002373941476
0.002302862937
0.002233575564
0.002166046062
0.002100241603
0.002036128892
0.001973675564
0.00191284914
0.001853617723
0.001795949531
0.001739812898
0.001685176743
0.001632010099
0.001580282347
0.001529963454
0.001481023268
0.001433432335
0.001387161319
0.001342181582
0.001298464369
0.001255981508
0.001214705408
0.001174608595
0.001135664061
0.00109784503
0.001061125309
0.001025479054
0.0009908808861
0.0009573054267
0.0009247281705
0.0008931248449
0.0008624714101
0.0008327444084
0.0008039207314
0.0007759776199
0.0007488928386
0.000722644385
0.0006972107221
0.0006725707208
0.000648703659
0.0006255892222
0.0006032073288
0.0005815384793
0.0005605634069
0.000540263427
0.0005206200294
0.0005016151117
0.0004832310951
0.0004654506047
0.000448256731
0.0004316328559
0.0004155628267
0.0004000307235
0.0003850210633
0.0003705186828
0.0003565087682
0.0003429768258
0.0003299087693
0.0003172907454
0.0003051093081
0.0002933512442
0.0002820037771
0.0002710543631
0.0002604908077
0.0002503011492
0.0002404737897
0.0002309974225
0.0002218610316
0.0002130538487
0.0002045654255
0.0001963855757
0.0001885043603
0.0001809121313
0.0001735995029
0.0001665573218
0.0001597767114
0.0001532490132
0.0001469658309
0.0001409190008
0.0001351005922
0.0001295028633
0.0001241183636
0.0001189397808
0.0001139600718
0.0001091723825
0.0001045700628
0.0001001466444
0.00009589586989
0.00009181167843
0.00008788816922
0.00008411963063
0.00008050054748
0.00007702554285
0.0000736894217
0.00007048717089
0.00006741390098
0.00006446489715
0.00006163559738
0.00005892158879
0.00005631858949
0.00005382245945
0.00005142920418
0.0000491349565
0.00004693596929
0.00004482863369
0.00004280945359
0.00004087505658
0.00003902217941
0.00003724767521
0.00003554850264
0.00003392172221
0.00003236450721
0.00003087411824
0.00002944791777
0.00002808336467
0.00002677799966
0.00002552945989
0.00002433546251
0.00002319380837
0.00002210237835
0.00002105912972
0.00002006209797
0.0000191093859
0.00001819917088
0.00001732969577
0.00001649927071
0.00001570627137
0.00001494912885
0.00001422633886
0.00001353645348
0.00001287808118
0.00001224988137
0.0000116505671
0.0000110789033
0.00001053369942
0.00001001381497
9.518153092E-6
9.0456615E-6
8.595327017E-6
8.166181033E-6
7.757290405E-6
7.367762009E-6
6.996737739E-6
6.643395409E-6
6.306945579E-6
5.986632004E-6
5.681728908E-6
5.391541436E-6
5.115402928E-6
4.852675374E-6
4.60274714E-6
4.36503251E-6
4.138970326E-6
3.924023986E-6
3.719678944E-6
3.525443162E-6
3.340846206E-6
3.16543742E-6
2.998785931E-6
2.840479738E-6
2.690124575E-6
2.547343684E-6
2.411777359E-6
2.28308113E-6
2.160926442E-6
2.044998837E-6
1.934998636E-6
1.830639121E-6
1.731646648E-6
1.637760192E-6
1.548730438E-6
1.464319439E-6
1.384300276E-6
1.308456376E-6
1.236581397E-6
1.168478207E-6
1.103959221E-6
1.04284527E-6
9.849660501E-7
9.301588193E-7
8.782687928E-7
8.29148405E-7
7.826571391E-7
7.386612424E-7
6.970333857E-7
6.576522651E-7
6.204024885E-7
5.851742912E-7
5.518631951E-7
5.203698379E-7
4.905996889E-7
4.624628787E-7
4.358740284E-7
4.107519089E-7
3.870193268E-7
3.646029825E-7
3.434331859E-7
3.234437713E-7
3.045718699E-7
array of X[1] with 60 elements
0
0.0724478662
0.1396470368
0.2019777745
0.2597927749
0.3134192228
0.3631605208
0.4092981815
0.4520932734
0.4917879403
0.528606832
0.5627582669
0.594435513
0.6238177419
0.6510713696
0.6763504744
0.6997982264
0.7215471864
0.7417204976
0.760432303
0.7777884603
0.793887198
0.8088196516
0.8226702809
0.8355174065
0.8474338651
0.8584869504
0.8687392473
0.8782488108
0.8870694041
0.8952509761
0.9028398395
0.9098789096
0.9164080024
0.9224640131
0.9280813336
0.9332917333
0.9381245971
0.9426073432
0.9467653036
0.9506220222
0.9541993737
0.9575175047
0.9605953097
0.9634500742
0.9660980105
0.9685541391
0.9708323479
0.9729455113
0.9749055505
0.9767235518
0.9784098864
0.9799740314
0.9814248681
0.9827706218
0.9840188622
0.9851766229
0.9862505794
0.9872466922
0.9881706238
