*******************new*record*******************
nY= 2
nX= 2
Y[0]= 0.8000000119
Y[1]= 0.5149999857
array of X[0] with 400 elements
1
0.9990082383
0.9960388541
0.9911099672
0.9842513204
0.9755043387
0.9649215341
0.952565968
0.938511014
0.9228393435
0.9056422114
0.8870187998
0.8670752048
0.8459236026
0.8236810565
0.8004688621
0.7764110565
0.7516338825
0.7262644172
0.7004297376
0.6742558479
0.6478667259
0.6213836074
0.5949239135
0.5686004758
0.5425209999
0.5167874098
0.4914951026
0.466732502
0.4425808489
0.4191136956
0.3963968456
0.3744879365
0.3534367383
0.3332847953
0.314065814
0.2958056629
0.2785226405
0.2622276545
0.2469248027
0.2326114476
0.2192788869
0.2069126219
0.1954929978
0.184995532
0.1753915846
0.1666487753
0.1587315202
0.1516015679
0.1452184916
0.1395401508
0.1345231831
0.1301234663
0.1262965053
0.1229978129
0.1201833189
0.1178096309
0.1158343926
0.1142164916
0.1129163057
0.1118959188
0.1111192182
0.1105520725
0.110162437
0.1099203601
0.1097980887
0.1097700521
0.1098128706
0.1099053025
0.1100282297
0.1101645902
0.1102992818
0.110419102
0.1105126441
0.1105701774
0.1105835736
0.1105461568
0.1104526147
0.1102988869
0.1100820228
0.1098001003
0.1094520986
0.1090378016
0.1085577011
0.1080128923
0.107404992
0.1067360416
0.1060084477
0.1052249148
0.1043883562
0.1035018563
0.1025685966
0.1015918553
0.1005749032
0.09952102602
0.09843345731
0.09731536359
0.09616982192
0.09499982744
0.09380822629
0.09259776771
0.09137104452
0.09013050795
0.08887849003
0.08761715889
0.08634855598
0.0850745663
0.08379694819
0.08251734078
0.08123723418
0.07995802164
0.07868096977
0.07740724087
0.0761378929
0.07487389445
0.07361612469
0.07236538827
0.07112240046
0.06988782436
0.0686622411
0.06744618714
0.06624013931
0.06504452974
0.06385974586
0.0626861304
0.06152398884
0.06037360057
0.05923521146
0.05810903758
0.05699527264
0.055894088
0.05480563268
0.05373003706
0.05266742036
0.05161787942
0.05058149621
0.04955834523
0.04854848608
0.0475519672
0.04656882584
0.04559909552
0.04464279115
0.04369992763
0.04277050868
0.04185453057
0.04095197842
0.04006284103
0.03918709233
0.03832470253
0.03747563809
0.03663985431
0.03581730649
0.03500794619
0.0342117101
0.03342854604
0.03265838325
0.03190115467
0.0311567802
0.03042518906
0.02970629372
0.0290000122
0.02830625325
0.02762492187
0.02695592679
0.0262991637
0.02565453388
0.02502192929
0.02440124378
0.02379236557
0.02319518104
0.02260957472
0.02203542925
0.02147262357
0.0209210366
0.02038054354
0.01985101961
0.01933233812
0.01882436872
0.01832698099
0.01784004457
0.01736342534
0.01689699106
0.01644060574
0.01599413343
0.01555744
0.01513038669
0.01471283659
0.01430465095
0.01390569191
0.01351582073
0.01313489862
0.01276278682
0.01239934564
0.01204443723
0.01169792283
0.01135966368
0.011029521
0.01070735883
0.01039303746
0.01008642185
0.009787376039
0.009495763108
0.009211448953
0.008934299462
0.008664182387
0.008400963619
0.008144512773
0.007894699462
0.007651394233
0.007414468564
0.007183795795
0.006959249265
0.006740704644
0.006528038066
0.006321127526
0.006119851954
0.005924091209
0.005733727477
0.00554864388
0.005368724465
0.005193855613
0.005023924634
0.004858820233
0.004698432982
0.004542654846
0.004391378723
0.004244500306
0.004101915285
0.003963522147
0.003829220543
0.003698911751
0.003572498215
0.003449884476
0.003330976702
0.003215681994
0.003103909548
0.002995570423
0.002890576608
0.002788841957
0.002690282185
0.002594813937
0.002502355957
0.002412828617
0.002326153219
0.002242253162
0.002161053009
0.002082479419
0.002006459981
0.001932923798
0.001861801837
0.001793026342
0.001726530958
0.001662250725
0.001600122428
0.001540083787
0.001482074265
0.001426034607
0.001371906954
0.001319634728
0.001269162633
0.001220436767
0.001173404627
0.001128014876
0.00108421722
0.001041962882
0.001001204248
0.0009618948679
0.0009239894571
0.0008874438936
0.000852215162
0.0008182614692
0.0007855420699
0.0007540172082
0.0007236482925
0.0006943977787
0.0006662290543
0.0006391066127
0.0006129958783
0.0005878631491
0.0005636758287
0.000540402194
0.0005180113367
0.0004964732798
0.0004757589777
0.0004558401706
0.0004366894136
0.0004182801058
0.0004005864612
0.0003835833922
0.0003672465973
0.0003515525605
0.0003364784352
0.0003220020735
0.0003081020841
0.0002947575995
0.0002819485962
0.0002696555166
0.0002578595013
0.0002465423313
0.0002356862824
0.0002252742852
0.0002152897796
0.0002057167585
0.0001965397678
0.000187743819
0.0001793144766
0.0001712377707
0.0001635001827
0.000156088674
0.0001489906572
0.0001421939669
0.0001356868452
0.0001294579852
0.0001234964293
0.0001177916347
0.0001123334223
0.0001071119696
0.0001021178105
0.00009734182095
0.00009277520439
0.00008840948431
0.00008423649706
0.00008024836279
0.00007643752178
0.0000727966617
0.00006931876123
0.0000659970683
0.00006282506365
0.00005979649723
0.00005690533726
0.00005414579937
0.00005151230653
0.00004899951091
0.00004660225386
0.00004431559864
0.00004213478678
0.00004005524897
0.00003807260146
0.00003618263509
0.00003438129716
0.00003266471322
0.0000310291507
0.00002947103894
0.00002798694368
0.00002657357436
0.00002522777504
0.00002394652074
0.00002272690836
0.00002156615847
0.00002046160625
0.00001941069604
0.0000184109831
0.00001746012458
0.00001655587585
0.00001569609049
0.00001487871123
0.00001410176901
0.00001336338119
0.00001266174604
0.00001199514008
0.00001136191531
0.00001076049466
0.00001018937201
9.647106708E-6
9.132321793E-6
8.64370304E-6
8.179993529E-6
7.739991815E-6
7.322554211E-6
6.926584774E-6
6.55103895E-6
6.194919933E-6
5.857275937E-6
5.537199286E-6
5.23382414E-6
4.94632377E-6
4.673911462E-6
4.415835519E-6
4.171380169E-6
3.939863291E-6
3.72063414E-6
3.513074034E-6
3.316592483E-6
3.130627647E-6
2.954644287E-6
2.788132633E-6
2.630608378E-6
2.481609272E-6
2.340696483E-6
2.207452098E-6
2.081478669E-6
1.962398073E-6
1.849850946E-6
1.743495545E-6
1.643007181E-6
1.548076852E-6
1.458411475E-6
1.373732289E-6
1.293774631E-6
1.218287139E-6
array of X[1] with 60 elements
0
0.09769733995
0.1858499199
0.2653902173
0.3371596336
0.4019173682
0.4603484571
0.5130710006
0.5606426597
0.6035667062
0.6422972083
0.6772437692
0.7087762356
0.7372280359
0.7629001141
0.7860641479
0.8069651127
0.8258241415
0.8428406119
0.8581947088
0.872048676
0.8845492005
0.8958284259
0.9060057402
0.9151887298
0.9234745502
0.9309508801
0.9376968145
0.9437836409
0.9492758512
0.954231441
0.9587029219
0.9627375603
0.9663779736
0.9696627855
0.9726266265
0.9753009081
0.9777139425
0.9798912406
0.9818558097
0.9836284518
0.9852279425
0.9866710901
0.9879733324
0.9891482592
0.990208447
0.9911651015
0.9920282364
0.9928070307
0.9935097694
0.9941438437
0.9947159886
0.9952322245
0.9956980348
0.9961183071
0.9964975119
0.9968397021
0.9971484542
0.9974270463
0.9976784587
