*******************new*record*******************
nY= 2
nX= 2
Y[0]= 0.05000000075
Y[1]= 0.75
array of X[0] with 400 elements
1
0.9998852611
0.9995414019
0.9989696145
0.9981718659
0.997150898
0.9959100485
0.9944535494
0.9927861691
0.9909133911
0.988841176
0.9865760207
0.9841250181
0.9814954996
0.9786952734
0.9757323861
0.9726151228
0.9693518281
0.9659510851
0.9624213576
0.9587712884
0.955009222
0.9511434436
0.9471819997
0.9431327581
0.9390032291
0.9348005652
0.9305315614
0.926202774
0.9218200445
0.917388916
0.9129145741
0.9084015489
0.9038539529
0.8992754817
0.8946692348
0.8900380135
0.8853840232
0.8807091713
0.8760147691
0.8713018894
0.866571188
0.861823082
0.8570574522
0.8522741795
0.8474726677
0.8426522613
0.8378120661
0.8329509497
0.8280678988
0.8231615424
0.8182305694
0.8132737279
0.8082895279
0.8032767177
0.7982339859
0.7931600213
0.7880536914
0.7829139233
0.7777396441
0.7725300789
0.7672844529
0.7620021105
0.7566825747
0.7513255477
0.7459307313
0.7404981852
0.7350279093
0.7295200825
0.7239751816
0.7183935046
0.7127758265
0.7071227431
0.7014351487
0.6957139969
0.6899602413
0.6841750741
0.6783596277
0.6725152731
0.6666432619
0.6607450843
0.6548221111
0.6488758922
0.6429078579
0.6369197369
0.6309129596
0.6248892546
0.618850112
0.6127972603
0.6067323089
0.600656867
0.5945725441
0.5884809494
0.5823836923
0.576282382
0.5701785684
0.5640738606
0.5579696894
0.5518676639
0.5457692146
0.5396758914
0.5335890055
0.527510047
0.5214404464
0.5153814554
0.5093345046
0.5033008456
0.4972817898
0.4912786186
0.4852924943
0.4793246686
0.4733763039
0.4674485326
0.4615424871
0.4556592703
0.4497999549
0.4439655542
0.4381571114
0.4323756099
0.4266220331
0.420897305
0.4152023494
0.4095380306
0.4039052725
0.3983048797
0.3927376568
0.3872044384
0.3817059696
0.3762430251
0.3708162904
0.3654265106
0.3600743413
0.3547604084
0.3494853675
0.3442498446
0.3390544057
0.3338996172
0.3287860155
0.3237141073
0.3186844289
0.3136973977
0.3087535203
0.303853184
0.2989968061
0.294184804
0.2894175053
0.2846952677
0.280018419
0.2753872871
0.2708021104
0.2662631571
0.2617706954
0.257324934
0.2529260814
0.2485743016
0.2442697883
0.2400126755
0.2358030975
0.2316411585
0.2275269628
0.2234605551
0.2194420099
0.2154713869
0.2115486711
0.2076738924
0.2038470358
0.2000680864
0.1963369697
0.1926536709
0.1890180856
0.1854301542
0.1818897575
0.1783967763
0.1749511063
0.1715525836
0.1682010591
0.164896369
0.1616383344
0.1584267467
0.1552614272
0.1521421373
0.1490686685
0.1460407674
0.1430581957
0.1401207
0.1372279972
0.134379819
0.1315758824
0.1288158745
0.126099512
0.1234264746
0.120796442
0.1182090864
0.1156640723
0.1131610498
0.1106996834
0.1082796082
0.1059004664
0.1035618857
0.1012635008
0.09900493175
0.09678579122
0.09460569173
0.09246425331
0.09036105871
0.08829572797
0.08626784384
0.08427701145
0.08232280612
0.08040482551
0.07852265239
0.07667586952
0.07486405969
0.07308679074
0.0713436529
0.06963421404
0.06795804948
0.06631473452
0.06470384449
0.0631249398
0.06157760695
0.06006141007
0.05857592076
0.05712071434
0.05569536239
0.05429943651
0.05293251574
0.05159416795
0.0502839759
0.04900151491
0.04774636403
0.04651809856
0.04531631246
0.04414057732
0.04299049079
0.04186563194
0.04076559842
0.03968998045
0.03863837197
0.03761037812
0.03660559282
0.03562362492
0.03466407582
0.03372656181
0.03281069174
0.03191608563
0.03104236349
0.03018914349
0.02935605682
0.02854273282
0.02774880268
0.02697390877
0.02621768788
0.0254797861
0.02475985512
0.02405754477
0.02337251231
0.02270441875
0.02205292881
0.02141771093
0.02079843916
0.02019478939
0.01960644312
0.01903308369
0.01847440377
0.01793009602
0.01739985682
0.01688339002
0.01638039947
0.0158905983
0.01541369967
0.01494942326
0.01449749246
0.01405763347
0.01362957992
0.01321306545
0.0128078321
0.01241362281
0.01203018706
0.01165727619
0.01129464805
0.01094206329
0.0105992863
0.01026608702
0.009942238219
0.009627516381
0.009321702644
0.009024582803
0.008735945448
0.008455583826
0.008183294907
0.007918878458
0.007662139367
0.007412886247
0.007170930039
0.006936087739
0.006708177272
0.006487022154
0.006272449158
0.006064287852
0.00586237153
0.005666537676
0.005476626568
0.005292481743
0.005113950465
0.004940882791
0.004773132503
0.004610556178
0.004453013651
0.004300368484
0.004152486101
0.00400923565
0.003870489541
0.003736122278
0.003606012324
0.00348003977
0.003358088201
0.003240043763
0.003125795629
0.003015235066
0.002908256138
0.002804755699
0.002704632701
0.002607789123
0.002514129039
0.002423558617
0.002335986821
0.00225132471
0.00216948567
0.002090385417
0.002013941295
0.001940073329
0.001868703403
0.001799755613
0.001733155572
0.001668831566
0.001606713049
0.001546731917
0.001488821697
0.001432917546
0.0013789566
0.00132687774
0.001276621479
0.001228129724
0.001181346364
0.001136216684
0.001092687366
0.001050707069
0.001010225271
0.0009711933671
0.000933563977
0.0008972911164
0.0008623300819
0.0008286375669
0.0007961714291
0.0007648908067
0.0007347561186
0.0007057288312
0.0006777716917
0.0006508484948
0.000624924025
0.0005999644054
0.0005759365158
0.0005528084585
0.0005305491504
0.0005091285566
0.0004885175149
0.0004686879402
0.0004496124457
0.0004312645178
0.0004136186035
0.0003966498189
0.0003803341824
0.0003646484693
0.0003495700948
0.0003350773477
0.0003211491567
0.0003077650908
0.0002949055051
0.0002825512493
0.0002706839587
0.0002592857927
0.0002483394928
0.0002378284262
0.0002277364983
0.0002180481388
0.000208748359
0.0001998226071
0.0001912568841
0.0001830376423
0.0001751518284
0.000167586797
0.0001603303972
0.0001533708419
0.0001466967951
0.0001402973139
0.0001341618336
0.0001282801677
0.0001226424938
0.0001172393168
array of X[1] with 60 elements
0
0.213653028
0.3816584349
0.513768971
0.6176537275
0.6993431449
0.7635794282
0.8140913844
0.8538113236
0.885044992
0.9096054435
0.9289185405
0.9441053271
0.9560473561
0.9654380083
0.9728222489
0.9786288738
0.9831948876
0.9867853522
0.989608705
0.9918287992
0.9935746193
0.9949474335
0.9960269332
0.9968757629
0.9975432754
0.9980681539
0.998480916
0.9988054633
0.9990606904
0.9992613792
0.9994191527
0.9995432496
0.999640882
0.9997175932
0.9997779131
0.9998253584
0.9998626709
0.9998919964
0.9999150634
0.9999332428
0.9999474883
0.999958694
0.9999675155
0.9999744892
0.9999799132
0.9999842048
0.9999876022
0.9999902248
0.999992311
0.9999939799
0.9999952316
0.9999962449
0.9999970794
0.9999976754
0.9999982119
0.9999985695
0.9999988675
0.9999991059
0.9999992847
