*******************new*record*******************
nY= 2
nX= 2
Y[0]= 0.25
Y[1]= 0.6150000095
array of X[0] with 400 elements
1
0.9996449947
0.9985818863
0.9968163371
0.9943578243
0.9912192822
0.9874173999
0.9829720259
0.9779062867
0.9722462893
0.9660209417
0.959261477
0.9520014524
0.9442763329
0.9361231327
0.9275801778
0.9186867476
0.9094828963
0.9000087976
0.8903048635
0.8804110289
0.8703667521
0.8602105379
0.8499798775
0.8397107124
0.8294376135
0.8191930652
0.8090078831
0.798910439
0.7889271379
0.7790817618
0.7693958879
0.7598885298
0.7505761981
0.7414728999
0.7325902581
0.7239373922
0.7155210972
0.7073459029
0.6994142532
0.6917265058
0.6842810512
0.6770745516
0.6701021791
0.6633573771
0.6568325758
0.6505188346
0.6444063187
0.6384843588
0.6327416897
0.62716645
0.6217464209
0.6164690852
0.6113219857
0.6062925458
0.6013683677
0.596537292
0.5917874575
0.58710742
0.5824861526
0.5779132843
0.5733789206
0.5688738227
0.5643894076
0.5599176884
0.5554514527
0.5509840846
0.5465097427
0.5420232415
0.5375199914
0.5329961181
0.5284482241
0.5238736868
0.5192703009
0.5146365166
0.5099710226
0.5052732825
0.5005429983
0.4957801998
0.4909853637
0.486159265
0.4813029468
0.4764176309
0.4715048373
0.4665662348
0.4616036117
0.4566188753
0.4516141117
0.4465914071
0.4415528774
0.4365007877
0.4314373434
0.4263647497
0.421285212
0.4162009656
0.4111141562
0.4060269296
0.4009413421
0.3958594501
0.3907832205
0.3857146204
0.3806554377
0.3756075203
0.3705725968
0.3655523062
0.3605482876
0.3555620611
0.3505951166
0.345648855
0.3407246768
0.3358238339
0.330947578
0.326097101
0.3212735057
0.3164779246
0.3117114007
0.306974858
0.3022692502
0.2975955307
0.2929544747
0.288346976
0.2837737501
0.2792355716
0.2747331262
0.2702670991
0.2658381164
0.261446774
0.257093668
0.2527793348
0.2485042512
0.2442689389
0.2400738597
0.235919416
0.2318060398
0.2277340889
0.2237039357
0.2197158933
0.2157702893
0.2118673772
0.2080074251
0.2041906863
0.2004173547
0.1966876388
0.1930017024
0.1893596947
0.1857617497
0.1822079718
0.1786984503
0.1752332598
0.1718124598
0.1684360802
0.165104121
0.161816597
0.1585734785
0.1553747207
0.1522202939
0.1491101086
0.1460440755
0.1430221051
0.1400440782
0.1371098459
0.1342192739
0.1313722134
0.1285684556
0.1258078516
0.1230901703
0.1204152107
0.1177827492
0.11519254
0.1126443371
0.1101378873
0.1076729074
0.1052491218
0.1028662398
0.1005239636
0.09822198004
0.09595997632
0.09373761714
0.09155456722
0.08941049129
0.08730503172
0.08523783833
0.08320854604
0.08121678233
0.07926216722
0.07734432817
0.07546287775
0.07361741364
0.0718075484
0.07003288716
0.06829301268
0.06658752263
0.06491600722
0.06327804923
0.06167323142
0.06010113657
0.05856133997
0.05705341697
0.05557694286
0.05413149297
0.05271663889
0.05133194849
0.04997699335
0.04865134507
0.04735457152
0.04608624429
0.04484593496
0.0436332114
0.04244764894
0.04128881544
0.04015628994
0.0390496403
0.03796844929
0.03691229224
0.03588075191
0.03487340733
0.03388984501
0.03292965144
0.03199241683
0.03107772954
0.03018518537
0.02931438386
0.02846492454
0.02763641253
0.02682845108
0.02604065463
0.02527263761
0.02452401258
0.02379440702
0.02308344096
0.02239074744
0.02171595581
0.0210587047
0.02041863464
0.01979539171
0.01918862574
0.01859798655
0.018023137
0.01746373624
0.01691945083
0.01638995484
0.01587492041
0.01537402906
0.01488696598
0.01441342011
0.01395308413
0.01350565813
0.01307084411
0.01264834963
0.01223788597
0.01183917187
0.01145192701
0.01107587852
0.01071075536
0.01035629492
0.01001223456
0.009678320959
0.009354300797
0.009039928205
0.00873496104
0.008439162746
0.008152297698
0.007874138653
0.007604461629
0.00734304497
0.007089674007
0.006844136864
0.006606226321
0.006375739351
0.006152477115
0.005936244503
0.005726851523
0.005524111446
0.005327840801
0.005137861706
0.004953999072
0.004776082467
0.004603943788
0.004437420052
0.004276352003
0.00412058318
0.003969961312
0.003824337386
0.003683566116
0.003547505476
0.003416017164
0.003288965672
0.00316621922
0.003047649283
0.002933130134
0.002822539303
0.002715757815
0.002612669021
0.002513159765
0.002417119686
0.002324441215
0.00223501958
0.002148752566
0.002065541223
0.001985288458
0.001907900674
0.00183328602
0.001761355554
0.001692022663
0.001625203295
0.001560815377
0.001498779398
0.001439018175
0.00138145627
0.001326020923
0.001272641006
0.001221247949
0.001171774697
0.00112415629
0.001078329864
0.001034234301
0.0009918102296
0.0009510000818
0.0009117480949
0.000874000194
0.0008377039339
0.000802808383
0.0007692643558
0.0007370240055
0.0007060411735
0.0006762709818
0.0006476700655
0.000620196457
0.0005938093527
0.0005684694625
0.0005441386602
0.0005207801005
0.000498358102
0.0004768381768
0.0004561869428
0.0004363721528
0.0004173626075
0.0003991281847
0.0003816397511
0.0003648691636
0.0003487892391
0.0003333736677
0.0003185971582
0.0003044351761
0.000290864089
0.0002778610797
0.0002654041455
0.0002534720115
0.0002420441742
0.0002311009011
0.0002206231002
0.0002105923922
0.0002009910386
0.0001918019698
0.0001830087276
0.0001745954214
0.0001665467862
0.0001588480955
0.000151485161
0.0001444443478
0.0001377124863
0.0001312769455
0.0001251255308
0.0001192465279
0.0001136286664
0.0001082610906
0.0001031333813
0.00009823549772
0.00009355779912
0.0000890910087
0.00008482621342
0.00008075485675
0.00007686870958
0.00007315985567
0.00006962071348
0.00006624397793
0.00006302265683
0.00005995001993
0.00005701961709
0.0000542252601
0.00005156099724
0.00004902113142
0.00004660018749
0.00004429292676
0.00004209431427
0.00003999952241
0.00003800393461
0.00003610311251
0.0000342928106
0.00003256895434
0.0000309276511
0.00002936516285
0.00002787790982
0.00002646246867
0.00002511555795
0.00002383403989
0.00002261490954
0.00002145528924
0.00002035242869
0.00001930369581
array of X[1] with 60 elements
0
0.1837053299
0.3336630166
0.4560726583
0.5559949875
0.6375610828
0.7041430473
0.7584935427
0.8028595448
0.8390753269
0.8686380386
0.8927699327
0.9124686718
0.9285486341
0.9416746497
0.9523892999
0.9611356258
0.968275249
0.974103272
0.9788606167
0.9827440381
0.9859140515
0.9885017276
0.990613997
0.9923382401
0.9937457442
0.9948946834
0.9958325624
0.9965981245
0.9972230792
0.9977332354
0.9981496334
0.9984895587
0.9987670183
0.998993516
0.9991784096
0.9993293285
0.9994525313
0.999553144
0.9996352196
0.9997022152
0.9997569323
0.9998015761
0.9998380542
0.9998677969
0.999892056
0.9999119043
0.9999281168
0.9999412894
0.9999520779
0.9999608994
0.9999680519
0.9999739528
0.9999787211
0.999982655
0.9999858141
0.9999884367
0.9999905825
0.999992311
0.9999936819
