*******************new*record*******************
nY= 2
nX= 2
Y[0]= 0.4499999881
Y[1]= 0.9649999738
array of X[0] with 400 elements
1
0.9994259477
0.9977071881
0.9948537946
0.9908826351
0.9858169556
0.9796863198
0.9725263715
0.9643781781
0.9552884698
0.9453085661
0.9344943166
0.9229054451
0.910605073
0.8976592422
0.8841361403
0.8701056838
0.8556389213
0.8408074379
0.8256828785
0.810336113
0.7948371172
0.7792540789
0.7636532187
0.748098135
0.7326495647
0.7173649073
0.7022980452
0.6874988079
0.6730130315
0.6588823199
0.6451438069
0.6318300962
0.6189693213
0.6065850854
0.5946964622
0.5833182931
0.5724609494
0.5621308684
0.5523305535
0.5430586934
0.5343105793
0.5260783434
0.5183511376
0.5111154318
0.5043553114
0.4980528653
0.4921882749
0.4867403209
0.4816865027
0.4770033658
0.4726668
0.4686522484
0.4649350047
0.4614902735
0.4582935572
0.4553207755
0.4525483549
0.4499535263
0.4475142658
0.4452095628
0.4430194497
0.4409250021
0.4389085174
0.4369535148
0.4350446761
0.433167994
0.4313106239
0.4294609725
0.427608639
0.4257443845
0.4238600135
0.4219485223
0.4200038314
0.4180208445
0.4159953296
0.4139239192
0.4118040204
0.4096336961
0.4074116647
0.4051372409
0.4028102458
0.4004309475
0.3980000019
0.3955183923
0.3929874897
0.3904087842
0.387784034
0.3851151764
0.3824042678
0.3796533942
0.3768648207
0.3740407526
0.371183455
0.3682951927
0.3653781712
0.3624346256
0.3594666421
0.3564763665
0.3534657955
0.3504368663
0.347391516
0.3443314731
0.341258496
0.3381742239
0.3350801766
0.331977874
0.328868717
0.3257539868
0.322634995
0.3195129335
0.3163888752
0.3132639229
0.31013906
0.3070152402
0.3038933575
0.3007742763
0.2976588011
0.294547677
0.291441679
0.2883414328
0.2852476537
0.2821609676
0.2790819407
0.276011169
0.2729492188
0.2698965967
0.2668538392
0.2638214231
0.260799855
0.2577895522
0.2547909617
0.2518045604
0.2488307208
0.2458698601
0.2429223657
0.239988625
0.2370690107
0.2341638803
0.2312735766
0.2283984423
0.2255388051
0.2226949781
0.219867304
0.2170560509
0.2142615169
0.2114840001
0.2087237686
0.2059810758
0.2032562196
0.2005494088
0.1978608966
0.1951909363
0.1925397217
0.1899075061
0.1872944683
0.1847008318
0.1821267605
0.1795724779
0.1770381331
0.1745239049
0.1720299721
0.1695564538
0.1671035141
0.1646713018
0.1622599512
0.1598695517
0.1575002521
0.1551521569
0.1528253555
0.1505199522
0.1482360363
0.1459736824
0.143732965
0.1415139586
0.1393167078
0.1371412873
0.1349877119
0.1328560561
0.1307463199
0.1286585629
0.1265927851
0.1245490089
0.1225272343
0.1205274761
0.1185497195
0.1165939644
0.1146601886
0.112748377
0.1108585
0.1089905202
0.1071444154
0.1053201333
0.1035176218
0.1017368436
0.0999777317
0.09824022651
0.09652426094
0.09482976049
0.09315665811
0.09150486439
0.08987429738
0.08826487511
0.08667650074
0.08510907739
0.08356250077
0.08203667402
0.08053148538
0.07904682308
0.07758257538
0.07613862306
0.07471484691
0.07331112027
0.07192731649
0.07056330144
0.06921894848
0.06789411604
0.06658867002
0.06530246884
0.06403537095
0.06278722733
0.06155788898
0.06034721062
0.05915503576
0.05798121542
0.05682558939
0.05568800122
0.05456829444
0.05346630886
0.05238187686
0.05131483823
0.05026502535
0.04923227802
0.04821642488
0.0472172983
0.04623473063
0.04526854679
0.04431857914
0.04338466004
0.04246660694
0.04156425968
0.04067743197
0.03980595991
0.03894966468
0.0381083712
0.03728190437
0.03647009283
0.03567275777
0.03488972783
0.03412082419
0.03336587548
0.0326247029
0.03189713508
0.0311829932
0.03048210964
0.02979430556
0.02911941148
0.02845725231
0.02780765668
0.02717045322
0.02654546872
0.02593253553
0.02533148415
0.02474214323
0.02416434698
0.02359792776
0.02304271981
0.02249855548
0.02196527272
0.02144270763
0.02093069814
0.02042908035
0.0199376978
0.01945638843
0.01898499765
0.01852336526
0.01807133667
0.01762875728
0.01719547622
0.01677134074
0.01635619998
0.01594990306
0.01555230562
0.01516325958
0.01478261966
0.01441024244
0.01404598542
0.0136897089
0.01334127225
0.01300053857
0.01266737189
0.0123416353
0.01202319749
0.01171192527
0.01140768919
0.01111035887
0.01081980858
0.01053591166
0.01025854331
0.009987581521
0.009722904302
0.00946439337
0.009211928584
0.008965395391
0.008724676445
0.008489659987
0.008260233328
0.00803628657
0.007817709818
0.007604395971
0.007396239322
0.007193135563
0.006994981784
0.006801676936
0.006613120437
0.006429214962
0.006249863189
0.006074969657
0.005904441234
0.005738184322
0.005576109514
0.005418126006
0.005264146719
0.005114085041
0.00496785529
0.004825374112
0.004686559085
0.004551329184
0.004419604782
0.004291308112
0.004166362341
0.004044691566
0.003926221747
0.00381088024
0.003698595567
0.003589297179
0.003482916625
0.003379385686
0.003278638236
0.003180609317
0.003085234435
0.002992451191
0.002902198117
0.002814414678
0.002729041502
0.002646020846
0.002565295901
0.002486810554
0.002410510322
0.002336341655
0.002264251933
0.002194189699
0.002126104897
0.002059947932
0.001995670609
0.001933225547
0.001872566529
0.001813648152
0.001756426063
0.001700856839
0.001646897988
0.00159450795
0.001543646096
0.001494272612
0.001446348615
0.001399836154
0.001354697975
0.001310897642
0.001268399763
0.00122716953
0.001187173184
0.001148377312
0.001110749668
0.001074258587
0.001038873219
0.001004563179
0.0009712993051
0.0009390526684
0.0009077951545
0.0008774994058
0.0008481386467
0.000819686742
0.0007921183133
0.0007654083893
0.0007395328721
0.0007144679548
0.0006901907036
0.0006666785921
0.000643909676
0.0006218626513
0.0006005166215
0.0005798513303
0.0005598469288
0.0005404842668
0.0005217444268
0.0005036091898
0.000486060715
0.0004690816859
0.0004526551638
0.0004367646761
array of X[1] with 60 elements
0
0.1481976509
0.2744327486
0.3819601238
0.4735521674
0.5515704751
0.6180266738
0.6746342182
0.7228527069
0.7639252543
0.7989109755
0.8287119269
0.8540964127
0.8757189512
0.8941371441
0.9098257422
0.923189342
0.9345725179
0.9442687035
0.9525279403
0.9595631957
0.9655558467
0.9706603885
0.9750084281
0.9787121415
0.9818669558
0.9845542312
0.9868432283
0.9887930751
0.9904538989
0.9918686152
0.9930736423
0.9941001534
0.994974494
0.995719254
0.9963536263
0.996894002
0.9973543286
0.997746408
0.9980803728
0.9983648658
0.9986072183
0.9988136292
0.9989894032
0.9991391897
0.9992667437
0.9993754029
0.9994679689
0.9995468259
0.9996140003
0.9996712208
0.9997199178
0.9997614026
0.9997968078
0.9998269081
0.9998525381
0.999874413
0.9998930097
0.9999088645
0.9999223948
