*******************new*record*******************
nY= 2
nX= 2
Y[0]= 0.1000000015
Y[1]= 0.7649999857
array of X[0] with 400 elements
1
0.9998279214
0.9993123412
0.9984556437
0.9972616434
0.9957355857
0.9938841462
0.9917154312
0.9892387986
0.9864648581
0.9834052324
0.9800726175
0.9764806628
0.9726436734
0.9685767293
0.9642953277
0.9598155618
0.9551535845
0.9503258467
0.9453487396
0.940238595
0.9350115061
0.9296832085
0.9242690802
0.9187839031
0.9132418633
0.9076563716
0.9020401835
0.8964051008
0.8907620907
0.8851211667
0.879491508
0.8738811016
0.8682971001
0.8627456427
0.857231915
0.851760149
0.8463335633
0.8409546018
0.835624814
0.8303449154
0.8251149058
0.8199340701
0.8148010373
0.8097139597
0.8046703935
0.799667418
0.7947018743
0.7897700667
0.7848681808
0.7799922824
0.7751380801
0.7703014612
0.7654779553
0.7606634498
0.7558535933
0.7510443926
0.746231854
0.7414121032
0.7365815639
0.7317368388
0.7268747687
0.7219923735
0.7170871496
0.7121566534
0.7071987987
0.7022117376
0.6971939206
0.6921441555
0.687061429
0.6819449663
0.6767942905
0.6716091037
0.6663894057
0.6611353755
0.6558473706
0.6505259871
0.6451719403
0.6397860646
0.6343694329
0.6289231181
0.6234483719
0.6179465652
0.6124191284
0.6068674922
0.6012932658
0.5956980586
0.5900834203
0.5844510794
0.5788027048
0.5731399655
0.5674645901
0.5617782474
0.5560826659
0.5503793955
0.5446702242
0.5389567018
0.5332404971
0.5275232196
0.5218062997
0.5160914063
0.5103799105
0.5046734214
0.4989732206
0.4932807982
0.4875975251
0.4819246829
0.4762636125
0.4706155658
0.4649817646
0.4593634307
0.4537617266
0.4481777847
0.4426127374
0.4370676577
0.4315435886
0.4260415733
0.4205625653
0.4151075482
0.4096775055
0.4042733014
0.3988958299
0.3935459852
0.3882245719
0.3829324245
0.3776703477
0.3724390566
0.367239356
0.3620719314
0.3569374979
0.3518367112
0.346770227
0.3417387009
0.3367426991
0.3317828476
0.3268597126
0.3219738007
0.3171256781
0.3123158514
0.3075447679
0.3028129041
0.2981206775
0.2934685647
0.2888569236
0.2842861712
0.2797566354
0.2752686441
0.2708225846
0.2664186954
0.2620573044
0.2577386498
0.2534630001
0.2492305785
0.245041579
0.240896225
0.2367946655
0.2327370793
0.2287235856
0.2247543335
0.2208294123
0.2169489264
0.2131129205
0.209321484
0.2055746615
0.2018724531
0.1982148886
0.194601953
0.1910336465
0.1875099242
0.1840307415
0.1805960387
0.1772057563
0.1738597751
0.1705580205
0.1673003733
0.1640867144
0.1609168798
0.1577907652
0.154708162
0.151668936
0.1486728787
0.1457198113
0.14280954
0.1399418116
0.1371164471
0.1343331933
0.1315917969
0.1288920194
0.1262336075
0.1236162782
0.1210397631
0.1185037792
0.1160080284
0.1135522276
0.111136049
0.1087592021
0.1064213514
0.1041221842
0.1018613651
0.09963856637
0.09745343029
0.09530562907
0.09319480509
0.09112059325
0.08908265084
0.08708061278
0.08511409909
0.08318275213
0.08128619939
0.07942405343
0.07759594172
0.07580147684
0.07404028624
0.07231197506
0.07061616331
0.06895244867
0.06732045114
0.06571977586
0.06415002793
0.06261081994
0.06110174581
0.05962241814
0.05817243829
0.05675141513
0.05535895005
0.05399464816
0.05265811458
0.05134895816
0.05006678402
0.04881120101
0.04758181423
0.04637823999
0.0452000834
0.04404695705
0.04291848093
0.04181426764
0.04073393717
0.03967710584
0.03864340112
0.03763243929
0.03664385527
0.03567727655
0.03473233059
0.03380865604
0.03290588781
0.03202366829
0.03116163425
0.03031943552
0.02949672006
0.02869313769
0.02790834755
0.02714200504
0.02639377117
0.02566331252
0.02495029382
0.02425439097
0.023575278
0.02291263267
0.02226613648
0.02163547836
0.02102034539
0.02042043209
0.01983543485
0.01926505379
0.01870899647
0.0181669686
0.01763868518
0.01712385938
0.01662221178
0.01613346674
0.01565735228
0.01519359928
0.01474194415
0.0143021252
0.01387388539
0.01345697232
0.01305113733
0.01265613455
0.01227172185
0.01189766359
0.01153372508
0.01117967628
0.01083529089
0.01050034724
0.01017462648
0.009857913479
0.009549997747
0.009250671603
0.008959731087
0.008676976897
0.008402211592
0.008135243319
0.007875881158
0.007623941172
0.007379239891
0.0071415985
0.006910842378
0.006686798763
0.006469299551
0.006258178968
0.006053275429
0.005854430143
0.005661487114
0.005474294536
0.005292702932
0.00511656655
0.004945741966
0.004780089017
0.004619471263
0.004463754129
0.004312806763
0.004166500643
0.004024710506
0.003887313651
0.003754189704
0.003625222016
0.003500295337
0.003379298141
0.003262120998
0.003148657037
0.003038801719
0.002932453295
0.002829512116
0.002729881322
0.00263346592
0.002540173242
0.002449913183
0.002362597967
0.002278141212
0.002196459565
0.002117471071
0.002041096333
0.00196725782
0.001895879512
0.001826888067
0.00176021154
0.001695779967
0.00163352536
0.001573381363
0.001515283249
0.001459168387
0.001404975308
0.001352644642
0.001302118297
0.00125334016
0.001206255052
0.00116080977
0.00111695251
0.001074632863
0.001033801702
0.0009944112971
0.0009564156062
0.0009197693435
0.0008844289696
0.000850351993
0.0008174970862
0.0007858242025
0.0007552945171
0.0007258702535
0.0006975147408
0.000670192414
0.000643868756
0.0006185102975
0.0005940845585
0.0005705599324
0.0005479059764
0.0005260930047
0.0005050922628
0.0004848759854
0.0004654171062
0.0004466894898
0.0004286678159
0.0004113274626
0.0003946447105
0.0003785965091
0.0003631605359
0.0003483151959
0.0003340395633
0.0003203134111
0.0003071171523
0.0002944318112
0.0002822390816
0.0002705211809
0.0002592609671
0.0002484418219
0.0002380477235
0.0002280631161
0.0002184730256
0.0002092629438
0.0002004188427
0.000191927189
0.0001837749005
0.0001759493171
0.0001684382441
0.0001612298947
0.0001543128747
0.0001476761972
0.0001413092396
0.0001352017571
0.0001293438545
array of X[1] with 60 elements
0
0.2059951723
0.3695563376
0.4994246662
0.602540791
0.6844154596
0.7494243383
0.8010417223
0.8420261741
0.8745679855
0.9004064202
0.9209222198
0.9372118115
0.9501459002
0.9604156017
0.9685698152
0.9750442505
0.9801850319
0.9842668176
0.9875077605
0.9900811315
0.9921243787
0.9937466979
0.9950348735
0.9960576296
0.9968697429
0.9975145459
0.9980265498
0.9984330535
0.9987558722
0.9990121126
0.9992156625
0.9993771911
0.9995055199
0.9996073842
0.9996882677
0.9997524619
0.9998034835
0.999843955
0.9998760819
0.9999015927
0.9999218583
0.9999379516
0.9999507666
0.9999608994
0.999968946
0.9999753237
0.9999804497
0.9999844432
0.9999876618
0.9999902248
0.9999921918
0.9999938011
0.9999951124
0.9999961257
0.9999969006
0.9999975562
0.999998033
0.9999984503
0.9999987483
