*******************new*record*******************
nY= 2
nX= 2
Y[0]= 0.8000000119
Y[1]= 0.2649999857
array of X[0] with 400 elements
1
0.9990016818
0.9960126877
0.9910510778
0.9841466546
0.9753409028
0.9646863937
0.9522463679
0.9380941391
0.9223125577
0.9049929976
0.8862347603
0.8661441207
0.844833374
0.8224197626
0.7990247607
0.774772644
0.7497898936
0.7242037654
0.6981415153
0.6717295051
0.6450918913
0.6183502078
0.5916221142
0.5650207996
0.5386542678
0.512624681
0.4870277345
0.4619522691
0.437479794
0.4136842787
0.3906317651
0.368380338
0.3469800353
0.3264728487
0.3068928123
0.2882661521
0.2706115544
0.2539403737
0.2382570058
0.2235592455
0.2098387629
0.1970814764
0.1852680743
0.1743745357
0.1643725634
0.1552301794
0.1469122022
0.1393807679
0.1325958371
0.1265156716
0.1210972816
0.1162969321
0.1120704934
0.1083738729
0.1051633582
0.1023959368
0.1000296026
0.09802360088
0.09633866698
0.09493720531
0.09378346801
0.09284365177
0.09208600968
0.09148093313
0.09100096673
0.09062083811
0.09031745791
0.09006986767
0.08985922486
0.08966873586
0.08948354423
0.08929070085
0.08907902986
0.08883903176
0.08856278658
0.08824383467
0.08787705749
0.08745857328
0.08698561043
0.08645641059
0.08587010205
0.0852266252
0.08452658355
0.08377121389
0.0829622224
0.0821017772
0.08119235933
0.08023674786
0.07923792303
0.07819904387
0.07712332904
0.0760140866
0.07487463206
0.07370825112
0.07251818478
0.071307607
0.0700795874
0.06883707643
0.06758291274
0.06631977856
0.06505024433
0.06377669424
0.06250138581
0.06122641638
0.05995374173
0.05868516117
0.05742233619
0.05616679043
0.05491991341
0.05368296802
0.05245709792
0.05124332756
0.05004258826
0.04885569215
0.04768337682
0.0465262793
0.04538496584
0.04425992072
0.04315156862
0.04206026718
0.04098631442
0.03992995992
0.03889140487
0.03787080571
0.03686827794
0.03588390723
0.03491774201
0.03396980092
0.03304007649
0.03212854266
0.03123514354
0.03035980836
0.02950244769
0.02866295539
0.02784121223
0.0270370841
0.02625042759
0.02548108436
0.02472889237
0.02399367467
0.02327525057
0.02257343009
0.02188801952
0.02121881768
0.0205656141
0.01992820203
0.01930636354
0.01869987883
0.01810852624
0.01753208041
0.01697031036
0.01642298885
0.01588988118
0.01537075453
0.0148653714
0.01437349524
0.0138948895
0.01342931483
0.0129765328
0.01253630593
0.01210839301
0.01169255748
0.01128856093
0.01089616492
0.01051513478
0.01014523301
0.009786226787
0.009437883273
0.00909996964
0.008772255853
0.008454515599
0.008146520704
0.007848048583
0.007558875252
0.007278782316
0.007007551845
0.006744968705
0.006490820553
0.006244896911
0.006006991025
0.00577689847
0.005554417148
0.005339349154
0.005131497514
0.004930670373
0.004736678209
0.00454933336
0.004368453287
0.004193857778
0.004025368951
0.003862813115
0.003706019837
0.00355482148
0.00340905413
0.003268556669
0.003133171704
0.003002744401
0.002877123887
0.002756162314
0.002639715094
0.002527640667
0.002419800963
0.002316060942
0.00221628882
0.002120355843
0.002028136281
0.001939508016
0.001854351489
0.001772550284
0.001693990896
0.001618563081
0.001546159154
0.001476674573
0.001410007477
0.001346058911
0.0012847326
0.001225935062
0.001169575262
0.001115565188
0.001063819043
0.00101425359
0.0009667883278
0.0009213449084
0.000877847604
0.0008362228982
0.0007963995449
0.000758308568
0.0007218832616
0.0006870588986
0.0006537730806
0.0006219652132
0.0005915769143
0.0005625515478
0.000534834573
0.000508373254
0.0004831165134
0.000459015253
0.0004360219755
0.0004140908713
0.0003931777901
0.0003732400946
0.0003542368067
0.000336128287
0.0003188764676
0.0003024446487
0.0002867975272
0.0002719010517
0.0002577225387
0.0002442305267
0.0002313947625
0.0002191861568
0.0002075767698
0.0001965397532
0.0001860493212
0.0001760807208
0.0001666101889
0.0001576149079
0.0001490730356
0.0001409635734
0.0001332664251
0.0001259623095
0.0001190327603
0.0001124600822
0.0001062273514
0.0001003183352
0.00009471752128
0.00008941005217
0.00008438172517
0.00007961895608
0.0000751087573
0.00007083871606
0.00006679698708
0.00006297222717
0.00005935362424
0.00005593085734
0.0000526940712
0.000049633858
0.00004674125375
0.00004400770194
0.00004142504986
0.00003898553041
0.00003668173304
0.00003450661097
0.00003245344124
0.00003051583553
0.00002868770389
0.00002696325646
0.00002533698353
0.00002380364822
0.00002235826832
0.00002099610901
0.00001971267193
0.00001850368426
0.00001736508602
0.0000162930246
0.00001528384018
0.00001433406305
0.00001344039811
0.00001259972305
0.00001180907566
0.00001106564741
0.00001036677713
9.709944607E-6
9.092760592E-6
8.512963177E-6
7.968412319E-6
7.457081665E-6
6.977052635E-6
6.526511697E-6
6.103743544E-6
5.707126093E-6
5.335125934E-6
4.986294243E-6
4.659262231E-6
4.352737506E-6
4.06549816E-6
3.796392548E-6
3.544332685E-6
3.308292207E-6
3.087303185E-6
2.880452712E-6
2.686879725E-6
2.505772954E-6
2.33636797E-6
2.177944452E-6
2.029823918E-6
1.891367674E-6
1.761974431E-6
1.641078143E-6
1.528146299E-6
1.42267811E-6
1.324202458E-6
1.232276418E-6
1.146483896E-6
1.06643347E-6
9.917577017E-7
9.221115533E-7
8.571707895E-7
7.966311273E-7
7.402070992E-7
6.876306315E-7
6.386504197E-7
5.930307907E-7
5.505506806E-7
5.110028951E-7
4.741933708E-7
4.399401519E-7
4.08072907E-7
3.784320768E-7
3.508683051E-7
3.252418139E-7
3.014218066E-7
2.792858709E-7
2.587195524E-7
2.39615872E-7
2.218747994E-7
2.054027988E-7
1.901125444E-7
1.759224375E-7
1.627562654E-7
1.505428742E-7
1.392158708E-7
1.287132534E-7
1.189772334E-7
1.099538594E-7
1.01592839E-7
9.384729793E-8
8.667352347E-8
8.003080154E-8
7.388119627E-8
6.818936527E-8
6.29224246E-8
5.804973924E-8
5.354280574E-8
4.937509956E-8
4.552195421E-8
4.196041914E-8
3.866916032E-8
3.562835005E-8
3.281955685E-8
3.022565664E-8
2.783074393E-8
2.562004475E-8
2.357984741E-8
2.169742253E-8
1.996095378E-8
1.83594846E-8
1.688284712E-8
1.552161599E-8
1.426705065E-8
1.311105002E-8
1.2046109E-8
1.106527314E-8
1.016210138E-8
9.330628714E-9
8.56533422E-9
7.861108209E-9
7.213221576E-9
6.617299153E-9
array of X[1] with 60 elements
0
0.1070646569
0.2026664764
0.2880327106
0.364259243
0.4323246181
0.4931025803
0.5473733544
0.5958337188
0.639105618
0.677744627
0.7122468352
0.743054986
0.7705647349
0.7951291203
0.81706357
0.8366495967
0.8541386724
0.8697552681
0.8836998343
0.8961514831
0.9072700143
0.9171981215
0.9260632396
0.9339792728
0.9410477877
0.9473594427
0.9529954195
0.9580279589
0.9625216722
0.9665342569
0.9701172709
0.9733166695
0.9761735201
0.9787244797
0.9810023308
0.9830362797
0.9848524928
0.9864742756
0.98792243
0.9892154932
0.9903701544
0.9914011359
0.9923217893
0.9931438565
0.9938778877
0.99453336
0.995118618
0.9956412911
0.9961079359
0.996524632
0.9968967438
0.9972289801
0.9975256324
0.997790575
0.9980271459
0.9982383251
0.9984269738
0.9985953569
0.9987457395
