*******************new*record*******************
nY= 2
nX= 2
Y[0]= 0.5500000119
Y[1]= 0.8650000095
array of X[0] with 400 elements
1
0.9993061423
0.9972286224
0.9937798977
0.9889804125
0.9828586578
0.9754507542
0.9668001533
0.9569572806
0.9459789395
0.9339279532
0.9208725691
0.9068857431
0.8920446038
0.8764297962
0.8601246476
0.8432145119
0.8257862926
0.8079274297
0.7897253036
0.7712666392
0.7526367903
0.7339190841
0.7151944041
0.6965404153
0.6780312657
0.6597371101
0.6417235732
0.6240516901
0.6067773104
0.5899512172
0.5736186504
0.5578194857
0.5425879359
0.5279527903
0.5139373541
0.5005594492
0.4878319204
0.4757623672
0.46435377
0.45360443
0.4435085654
0.4340563715
0.4252344668
0.4170262516
0.4094121754
0.4023701251
0.395875901
0.3899033368
0.3844248056
0.379411608
0.3748340905
0.3706620932
0.3668653071
0.3634132743
0.3602759838
0.3574237823
0.3548277915
0.3524599671
0.3502932787
0.3483019173
0.3464612961
0.3447481692
0.3431407809
0.3416187465
0.3401632905
0.3387570381
0.3373841941
0.3360303938
0.3346828222
0.3333299458
0.3319616914
0.3305692375
0.3291450143
0.3276826441
0.3261767924
0.3246231675
0.3230184317
0.3213600218
0.3196462095
0.3178760409
0.3160490394
0.3141653836
0.3122256994
0.3102310598
0.3081828654
0.3060828447
0.3039329946
0.3017354012
0.2994924486
0.2972065508
0.2948801816
0.2925159633
0.2901164591
0.2876842022
0.2852217555
0.2827316523
0.2802162766
0.2776780427
0.2751192153
0.2725420296
0.2699485719
0.2673408687
0.2647207975
0.2620902359
0.2594508827
0.2568043768
0.2541522384
0.251495868
0.2488366961
0.2461759597
0.2435148358
0.2408544719
0.238195911
0.2355401069
0.2328880131
0.2302404791
0.2275983244
0.2249622941
0.2223331183
0.2197114676
0.2170979679
0.2144932151
0.2118977904
0.2093122303
0.2067370266
0.2041726708
0.2016196251
0.1990783364
0.196549207
0.1940326542
0.1915290356
0.1890387535
0.1865621209
0.1840995103
0.1816512197
0.179217577
0.1767988801
0.1743954122
0.1720074713
0.1696352959
0.167279169
0.164939329
0.1626160145
0.1603094637
0.1580198854
0.155747503
0.1534925103
0.1512551159
0.1490354836
0.1468338221
0.1446502805
0.1424850225
0.1403381974
0.1382099688
0.136100471
0.1340098232
0.1319381595
0.1298855841
0.1278522164
0.1258381605
0.1238434985
0.1218683273
0.1199127138
0.11797674
0.116060473
0.1141639575
0.1122872606
0.1104304194
0.1085934713
0.1067764536
0.104979381
0.1032022834
0.1014451683
0.09970804304
0.09799090773
0.09629376233
0.09461658448
0.09295937419
0.09132208675
0.08970471472
0.08810721338
0.08652954549
0.08497166634
0.08343353122
0.08191508055
0.08041626215
0.07893700898
0.07747725397
0.07603692263
0.07461594045
0.07321422547
0.07183168828
0.07046824694
0.06912379712
0.06779825687
0.06649150699
0.06520345807
0.0639339909
0.06268300116
0.06145037711
0.06023598835
0.05903972313
0.05786145478
0.05670105666
0.05555839837
0.05443334952
0.05332577229
0.05223552883
0.05116248503
0.05010649562
0.0490674153
0.04804510251
0.04703940451
0.0460501723
0.04507725686
0.04412050545
0.04317975789
0.04225486517
0.04134566709
0.0404520072
0.03957372159
0.03871065006
0.03786263242
0.03702950478
0.03621110693
0.03540727124
0.03461783007
0.03384262323
0.0330814831
0.03233424202
0.03160073236
0.03088078834
0.03017424233
0.02948092856
0.02880067565
0.02813331969
0.02747869119
0.02683662437
0.02620694973
0.02558950149
0.02498411387
0.02439062111
0.02380885556
0.02323865332
0.02267984673
0.02213227563
0.02159577608
0.02107018232
0.02055533417
0.02005107142
0.01955723017
0.01907365397
0.01860018261
0.01813665964
0.01768292673
0.01723882928
0.01680421084
0.01637892053
0.01596280374
0.01555571053
0.01515749004
0.01476799324
0.01438707393
0.01401458401
0.01365037914
0.01329431497
0.01294624992
0.01260604337
0.01227355469
0.01194864605
0.01163118053
0.01132102218
0.01101803873
0.01072209515
0.01043306291
0.01015081163
0.009875211865
0.009606139734
0.009343468584
0.009087074548
0.008836837485
0.008592635393
0.008354349993
0.008121863939
0.007895061746
0.007673828397
0.007458052598
0.007247622125
0.007042428013
0.006842362229
0.006647318136
0.006457190961
0.006271877792
0.006091276184
0.005915286019
0.005743809044
0.00557674747
0.0054140063
0.005255491007
0.005101108924
0.00495076878
0.004804381635
0.004661858547
0.004523112904
0.004388059955
0.004256615881
0.004128697794
0.004004225601
0.003883119207
0.003765300848
0.003650693689
0.003539222525
0.003430813784
0.003325394355
0.003222893225
0.003123240778
0.003026368329
0.00293220859
0.00284069567
0.002751764841
0.002665352775
0.002581397304
0.002499837428
0.002420613309
0.00234366674
0.00226894021
0.002196377609
0.00212592422
0.002057525562
0.001991129713
0.001926684286
0.00186413934
0.001803445048
0.00174455333
0.00168741669
0.001631988911
0.001578224706
0.001526079723
0.00147551077
0.001426475472
0.001378932386
0.001332841231
0.001288162544
0.001244857442
0.001202888554
0.001162218861
0.001122812391
0.001084634103
0.001047649537
0.001011825516
0.0009771290934
0.0009435286047
0.0009109927923
0.0008794913883
0.0008489947068
0.000819473993
0.0007909009582
0.0007632482448
0.0007364890189
0.0007105972036
0.0006855474203
0.0006613148726
0.000637875346
0.0006152053247
0.0005932819913
0.0005720829358
0.0005515864468
0.0005317713367
0.0005126170581
0.0004941035295
0.0004762112221
0.0004589211021
0.0004422147467
0.0004260741407
0.0004104817926
0.0003954206768
0.0003808742622
0.0003668264544
0.0003532615956
0.0003401644935
0.0003275203344
0.0003153147991
0.0003035338887
0.0002921640698
0.0002811921295
0.0002706053201
0.0002603911562
0.0002505375887
0.0002410329034
0.0002318657062
0.0002230249811
0.0002144999744
0.000206280296
0.0001983558468
0.0001907168335
0.0001833537535
0.0001762574102
0.0001694188395
0.0001628293976
array of X[1] with 60 elements
0
0.1323706061
0.2472192347
0.3468652666
0.4333211184
0.5083327293
0.573415041
0.6298823357
0.6788750291
0.7213825583
0.7582632899
0.7902621627
0.818025291
0.8421133757
0.8630129099
0.8811460137
0.8968787789
0.9105289578
0.9223723412
0.9326479435
0.9415633678
0.9492986798
0.9560100436
0.9618330002
0.9668852091
0.9712685943
0.9750717878
0.9783715606
0.9812345505
0.9837185144
0.9858736992
0.9877436161
0.9893659949
0.9907736182
0.9919949174
0.9930545688
0.9939739704
0.9947715998
0.9954637289
0.9960641861
0.9965851903
0.9970371723
0.9974293709
0.9977696538
0.9980648756
0.9983210564
0.9985432625
0.9987360835
0.9989033937
0.9990485907
0.9991745353
0.9992837906
0.999378562
0.9994608164
0.9995322227
0.999594152
0.9996478558
0.9996944666
0.9997349381
0.9997699857
