*******************new*record*******************
nY= 2
nX= 2
Y[0]= 0.25
Y[1]= 0.9649999738
array of X[0] with 400 elements
1
0.9996611476
0.9986464977
0.9969617128
0.9946160913
0.9916226268
0.9879978299
0.9837614298
0.978936553
0.9735490084
0.9676275253
0.9612031579
0.9543092847
0.9469810724
0.9392552376
0.9311699271
0.9227640629
0.9140773416
0.9051496983
0.8960210085
0.8867310286
0.8773186803
0.8678221107
0.8582783341
0.8487229347
0.8391898274
0.8297112584
0.820317328
0.8110360503
0.801893115
0.7929120064
0.7841135263
0.775516212
0.7671359181
0.7589861155
0.7510778308
0.7434194684
0.7360172272
0.728875041
0.7219946384
0.7153756618
0.7090159059
0.7029113173
0.6970563531
0.6914438009
0.6860653162
0.6809113026
0.6759711504
0.6712334752
0.6666862965
0.662316978
0.6581125259
0.6540598273
0.6501454711
0.6463562846
0.6426790357
0.6391008496
0.6356090903
0.6321915388
0.6288365126
0.6255328059
0.6222697496
0.6190373898
0.6158263683
0.6126279831
0.6094343066
0.6062380075
0.6030324101
0.5998116732
0.5965704918
0.5933042169
0.5900088549
0.5866809487
0.5833177567
0.5799168348
0.5764765143
0.5729952455
0.5694722533
0.5659069419
0.5622991323
0.5586489439
0.5549567938
0.5512233973
0.5474495292
0.5436363816
0.5397852063
0.5358972549
0.5319741368
0.5280174017
0.5240286589
0.5200096369
0.5159620643
0.5118877292
0.5077883601
0.5036657453
0.4995215237
0.4953575134
0.4911753833
0.4869767427
0.4827632606
0.4785364568
0.4742979109
0.4700490534
0.4657913148
0.4615260959
0.4572547376
0.4529785216
0.4486986399
0.4444163442
0.4401327372
0.4358489513
0.4315660298
0.4272850156
0.4230068922
0.4187326431
0.4144631028
0.4101992548
0.4059418738
0.401691854
0.3974499702
0.3932169974
0.3889936805
0.3847807944
0.3805789948
0.3763889968
0.3722114861
0.3680470884
0.3638964593
0.3597602248
0.3556389511
0.3515332639
0.3474437296
0.3433708847
0.3393152952
0.335277468
0.3312579691
0.3272572756
0.3232758641
0.3193142414
0.3153728545
0.3114521801
0.3075526655
0.3036747277
0.2998188138
0.2959852815
0.2921745777
0.2883870602
0.2846231163
0.2808831334
0.2771674097
0.2734763324
0.2698101997
0.2661693394
0.2625540793
0.2589646876
0.2554014623
0.2518647015
0.2483546287
0.2448715121
0.2414156049
0.237987116
0.2345862836
0.2312133163
0.2278684229
0.2245517671
0.2212635428
0.2180039287
0.2147730589
0.2115711123
0.208398208
0.2052544802
0.2021400481
0.199055016
0.1959995031
0.192973569
0.1899773329
0.1870108396
0.1840741485
0.1811673343
0.1782904416
0.1754434854
0.1726265252
0.1698395461
0.1670825928
0.1643556505
0.1616587043
0.158991769
0.1563547999
0.1537477821
0.151170671
0.1486234367
0.1461060196
0.1436183602
0.1411603987
0.1387320608
0.1363332719
0.1339639425
0.1316239834
0.129313305
0.1270318031
0.1247793585
0.1225558594
0.120361194
0.1181952283
0.1160578281
0.1139488593
0.1118681878
0.1098156571
0.1077911183
0.1057944223
0.1038253978
0.1018838808
0.09996970743
0.09808269888
0.09622268379
0.09438946843
0.09258288145
0.09080272913
0.08904881775
0.08732095361
0.08561894298
0.08394256979
0.08229164779
0.08066595346
0.07906529307
0.07748943567
0.07593818009
0.07441131026
0.07290860265
0.07142982632
0.06997478008
0.06854321808
0.06713492423
0.06574966758
0.06438722461
0.0630473569
0.06172983348
0.06043442711
0.05916089565
0.05790901184
0.05667853355
0.05546922609
0.05428085104
0.05311317742
0.05196595937
0.05083895847
0.04973194376
0.04864466935
0.04757690057
0.04652839527
0.04549891874
0.04448822886
0.04349609092
0.04252226278
0.04156651348
0.04062859714
0.03970828652
0.03880534321
0.03791953251
0.037050616
0.03619836643
0.03536254913
0.03454293311
0.03373928741
0.03295138106
0.03217899054
0.03142188862
0.03067984805
0.02995264344
0.02924005501
0.02854185924
0.02785783634
0.02718776837
0.02653143927
0.02588863112
0.02525913343
0.02464273013
0.02403921448
0.02344837785
0.02287000977
0.0223039072
0.02174986899
0.02120769024
0.02067717165
0.02015811764
0.0196503289
0.01915361546
0.01866778359
0.0181926433
0.01772800647
0.01727368869
0.01682950184
0.01639526896
0.01597080752
0.01555593871
0.01515048929
0.01475428417
0.01436715107
0.01398892235
0.0136194285
0.01325850654
0.0129059907
0.0125617208
0.01222553849
0.0118972864
0.01157680899
0.01126395445
0.01095857192
0.0106605133
0.01036963053
0.0100857811
0.009808820672
0.009538611397
0.009275013581
0.009017891251
0.008767111227
0.008522540331
0.008284049109
0.008051509969
0.007824797183
0.007603785489
0.007388353813
0.007178382017
0.006973752286
0.006774347741
0.006580055226
0.00639076205
0.006206357852
0.006026733667
0.00585178379
0.005681402981
0.00551548833
0.005353938788
0.005196654703
0.005043539219
0.004894495942
0.00474943174
0.004608253017
0.004470870364
0.004337194376
0.004207137972
0.004080615472
0.003957542591
0.00383783807
0.003721420188
0.003608210245
0.003498130711
0.003391105216
0.003287059488
0.003185920184
0.00308761606
0.002992076799
0.00289923395
0.002809019992
0.002721369034
0.002636216581
0.002553499769
0.002473156434
0.00239512627
0.00231935014
0.002245769836
0.002174329013
0.002104971791
0.002037644386
0.001972293481
0.001908867387
0.001847315347
0.001787587651
0.001729635987
0.001673413091
0.001618872397
0.001565968967
0.001514658565
0.001464898
0.001416645246
0.001369858976
0.001324499026
0.001280526281
0.001237902441
0.001196590019
0.001156552695
0.001117754611
0.00108016131
0.001043738681
0.001008453895
0.0009742744733
0.000941169099
0.0009091071552
0.000878058665
0.0008479944663
0.0008188862703
0.0007907063118
0.0007634276408
0.0007370239473
0.0007114696782
0.0006867398042
0.0006628100527
0.0006396568497
0.0006172570284
0.0005955881788
array of X[1] with 60 elements
0
0.1814515144
0.3299783766
0.4515548348
0.5510710478
0.6325298548
0.699207902
0.7537871003
0.7984628081
0.8350320458
0.8649657369
0.889467895
0.9095240831
0.9259411097
0.9393792152
0.9503789544
0.9593827724
0.9667528272
0.9727855921
0.9777236581
0.9817657471
0.9850744009
0.9877826571
0.9899995327
0.9918141365
0.9932994843
0.9945152998
0.9955105186
0.9963251352
0.9969919324
0.9975377321
0.9979845285
0.9983502626
0.9986495972
0.9988946319
0.9990952015
0.9992593527
0.9993937612
0.9995037913
0.9995937943
0.9996675253
0.9997278452
0.9997771978
0.9998176694
0.99985075
0.9998778105
0.9998999834
0.9999181628
0.9999330044
0.9999451637
0.9999551177
0.9999632239
0.9999698997
0.9999753833
0.9999798536
0.9999834895
0.9999864697
0.9999889731
0.9999909401
0.999992609
