*******************new*record*******************
nY= 2
nX= 2
Y[0]= 0.3249999881
Y[1]= 0.2109999955
array of X[0] with 400 elements
1
0.9995235205
0.9980966449
0.9957267642
0.9924263358
0.9882124662
0.9831070304
0.9771363139
0.9703306556
0.9627245069
0.9543558359
0.9452660084
0.9354991317
0.9251019955
0.9141234756
0.9026142359
0.8906261921
0.8782121539
0.8654254675
0.8523195386
0.8389473557
0.8253612518
0.8116125464
0.7977509499
0.7838245034
0.7698792815
0.7559589744
0.7421047688
0.7283549905
0.7147452235
0.7013078928
0.688072443
0.6750650406
0.6623085141
0.6498226523
0.6376240253
0.6257259846
0.6141389012
0.6028702855
0.591924727
0.5813041925
0.571008265
0.5610342026
0.5513769984
0.5420299768
0.5329845548
0.5242307782
0.5157574415
0.5075520873
0.4996014833
0.4918917418
0.4844083786
0.4771366715
0.4700616598
0.4631684721
0.4564422965
0.4498686492
0.4434333742
0.4371228814
0.4309241176
0.4248246551
0.4188128412
0.4128777385
0.4070092142
0.4011980593
0.3954357505
0.3897147179
0.3840281963
0.378370285
0.3727358282
0.3671205342
0.3615207672
0.355933696
0.3503571153
0.3447894454
0.3392297029
0.3336774409
0.3281327188
0.3225960135
0.3170681894
0.3115505278
0.3060445487
0.3005520403
0.2950750291
0.2896156907
0.2841764092
0.2787596285
0.2733678818
0.2680037618
0.2626698613
0.2573687732
0.2521031201
0.2468754351
0.2416881919
0.2365438342
0.2314446718
0.2263929844
0.2213908732
0.2164404243
0.2115435302
0.2067020088
0.2019175738
0.1971917897
0.1925261021
0.1879218817
0.1833803505
0.1789025962
0.1744896322
0.1701423526
0.165861547
0.1616479009
0.1575019956
0.1534243226
0.1494152993
0.1454752237
0.1416043341
0.1378028095
0.1340706944
0.1304080337
0.1268147528
0.1232907474
0.1198358312
0.1164497584
0.1131322607
0.1098829806
0.106701538
0.1035875082
0.1005404145
0.09755974263
0.09464494139
0.09179542959
0.08901058882
0.08628977835
0.08363231272
0.08103750646
0.07850461453
0.07603290677
0.07362160832
0.07126992196
0.06897705048
0.06674216688
0.06456444412
0.06244301796
0.06037703156
0.05836561695
0.05640788749
0.05450294912
0.05264991149
0.05084786564
0.04909590259
0.04739311337
0.04573858157
0.04413138703
0.04257061705
0.04105535522
0.03958467394
0.03815767169
0.0367734246
0.03543102741
0.03412957862
0.03286816925
0.03164591268
0.03046191111
0.02931528725
0.02820516378
0.02713067271
0.0260909535
0.02508515492
0.02411243692
0.0231719669
0.02226291969
0.02138448693
0.02053586394
0.01971626282
0.01892490312
0.01816101931
0.01742385328
0.0167126637
0.01602671668
0.01536529697
0.01472769491
0.01411321852
0.01352118701
0.01295093261
0.01240179967
0.01187314652
0.01136434544
0.01087477989
0.01040384732
0.009950959124
0.009515538812
0.009097022004
0.008694860153
0.008308514953
0.007937462069
0.00758118974
0.007239199709
0.006911004428
0.00659613125
0.006294117309
0.006004513707
0.005726883188
0.005460799672
0.005205849651
0.004961631261
0.004727752879
0.004503835924
0.00428951066
0.00408442039
0.003888217732
0.003700566245
0.003521139501
0.003349621547
0.003185706213
0.003029096872
0.002879506443
0.002736657159
0.002600280568
0.002470116829
0.00234591472
0.002227431629
0.002114433562
0.002006693976
0.001903994591
0.001806124696
0.001712881029
0.00162406778
0.00153949589
0.001458983519
0.001382355345
0.001309442567
0.0012400829
0.001174119767
0.001111402991
0.001051787869
0.0009951355169
0.0009413122898
0.0008901900146
0.0008416454075
0.0007955602487
0.000751820975
0.0007103186799
0.0006709489971
0.0006336118095
0.0005982110742
0.0005646548816
0.0005328552215
0.0005027276347
0.0004741915618
0.0004471696157
0.0004215880181
0.0003973760176
0.0003744660935
0.0003527937224
0.0003322971461
0.0003129175166
0.0002945985179
0.0002772864827
0.0002609301882
0.00024548074
0.0002308914991
0.0002171180531
0.0002041180414
0.000191851097
0.0001802788029
0.0001693645463
0.0001590734755
0.0001493724558
0.000140229924
0.0001316159032
0.0001235018572
0.0001158606829
0.0001086666089
0.0001018951734
0.00009552313713
0.000089528432
0.0000838901251
0.00007858835306
0.00007360426389
0.0000689199951
0.00006451860099
0.0000603840308
0.00005650107778
0.00005285533189
0.00004943315798
0.00004622164124
0.00004320856169
0.00004038236148
0.00003773211211
0.00003524747081
0.00003291866597
0.00003073647167
0.00002869215677
0.00002677749035
0.00002498469257
0.00002330642201
0.00002173575012
0.00002026614493
0.00001889144187
0.00001760583109
0.00001640383562
0.00001528029497
0.00001423034882
0.00001324941786
0.0000123331929
0.00001147761668
0.00001067887115
9.933365618E-6
9.237724043E-6
8.58877047E-6
7.983520845E-6
7.419171197E-6
6.893087175E-6
6.402795407E-6
5.945972589E-6
5.520440027E-6
5.124150903E-6
4.755186637E-6
4.41174825E-6
4.092147719E-6
3.794804115E-6
3.518235417E-6
3.261053052E-6
3.021957127E-6
2.799730282E-6
2.593232921E-6
2.401399115E-6
2.223231149E-6
2.05779611E-6
1.904221676E-6
1.761692715E-6
1.62944707E-6
1.506772946E-6
1.393005505E-6
1.287523901E-6
1.189748673E-6
1.099139013E-6
1.015190378E-6
9.374320484E-7
8.654253065E-7
7.987609365E-7
7.370576895E-7
6.79960408E-7
6.271382063E-7
5.782828794E-7
5.331075386E-7
4.91345304E-7
4.527477131E-7
4.170836405E-7
3.841382181E-7
3.537116129E-7
3.256181458E-7
2.996852402E-7
2.757525408E-7
2.536712032E-7
2.33302984E-7
2.145195452E-7
1.97201814E-7
1.812393009E-7
1.665295599E-7
1.529775631E-7
1.404952314E-7
1.290009521E-7
1.184190808E-7
1.08679572E-7
9.971755333E-8
9.147296964E-8
8.38902352E-8
7.691790671E-8
7.050842044E-8
6.461777247E-8
5.920528068E-8
5.42333396E-8
4.966720368E-8
4.547477417E-8
4.162639655E-8
3.809470073E-8
3.485441269E-8
3.188221243E-8
2.91565776E-8
2.66576663E-8
2.436717494E-8
2.226822815E-8
2.034527746E-8
1.858399301E-8
1.697117469E-8
1.549466688E-8
1.414327588E-8
1.290670149E-8
1.177546238E-8
1.074083755E-8
9.794804079E-9
8.929987416E-9
8.139606322E-9
7.417428893E-9
6.757729931E-9
6.155250976E-9
5.605161668E-9
5.103028222E-9
4.644781004E-9
array of X[1] with 60 elements
0
0.1776484698
0.3237379491
0.4438748658
0.5426696539
0.6239137053
0.6907248497
0.7456671
0.7908489704
0.8280043006
0.858559072
0.8836858273
0.9043488503
0.9213411808
0.9353147745
0.9468060136
0.9562558532
0.9640269279
0.9704174995
0.9756727815
0.9799944758
0.9835484028
0.9864709973
0.9888744354
0.9908508658
0.9924761653
0.9938127995
0.9949119091
0.9958158135
0.9965591431
0.9971703887
0.9976730943
0.9980864525
0.9984263778
0.9987059236
0.9989358187
0.9991248846
0.9992803335
0.9994081855
0.9995133281
0.9995997548
0.9996708632
0.9997293353
0.9997774363
0.9998169541
0.9998494983
0.9998762012
0.9998981953
0.9999163151
0.9999311566
0.9999433756
0.9999534488
0.9999617338
0.9999685287
0.9999741316
0.9999787211
0.9999824762
0.9999855757
0.9999881387
0.9999902844
