*******************new*record*******************
nY= 2
nX= 2
Y[0]= 0.8000000119
Y[1]= 0.01499999966
array of X[0] with 400 elements
1
0.9989897013
0.9959648252
0.9909434319
0.9839555621
0.9750426412
0.9642575383
0.9516636729
0.9373347163
0.9213535786
0.90381217
0.8848101497
0.8644540906
0.8428567648
0.820135951
0.7964134812
0.7718142867
0.7464653254
0.7204945683
0.694029808
0.6671980023
0.6401241422
0.6129302979
0.5857349634
0.5586519837
0.5317902565
0.5052525997
0.4791355431
0.4535287619
0.4285146296
0.4041678905
0.3805554509
0.3577362597
0.3357612491
0.3146732748
0.2945072353
0.2752902508
0.2570418715
0.2397743464
0.2234929353
0.2081963122
0.1938770264
0.1805218309
0.1681123078
0.1566252261
0.1460331529
0.136304915
0.1274061501
0.1192997769
0.1119465083
0.1053053737
0.09933412075
0.09398972243
0.08922874182
0.0850077644
0.08128371835
0.07801420987
0.07515783608
0.07267442346
0.07052524388
0.06867323816
0.06708313525
0.06572160125
0.06455733627
0.06356112659
0.06270590425
0.0619667545
0.06132090092
0.06074768305
0.06022852659
0.05974685401
0.05928803608
0.05883929133
0.05838958919
0.05792955682
0.05745135993
0.05694859847
0.05641619489
0.05585027114
0.05524804071
0.05460769683
0.05392831191
0.05320971459
0.05245240778
0.05165746436
0.05082644895
0.04996132478
0.04906437546
0.04813814908
0.04718538746
0.04620895907
0.04521182552
0.04419697821
0.04316741601
0.04212610051
0.04107591882
0.04001968727
0.03896009549
0.03789972514
0.03684100509
0.03578623012
0.03473753482
0.03369689733
0.03266614676
0.03164694458
0.03064080514
0.02964908816
0.0286730025
0.02771362662
0.02677189372
0.02584861778
0.02494448423
0.02406007238
0.02319585346
0.02235219628
0.02152938768
0.02072762325
0.01994702406
0.01918764599
0.01844947599
0.01773244888
0.01703644358
0.01636129618
0.01570680365
0.01507272199
0.01445877925
0.01386467554
0.01329008583
0.0127346674
0.01219805609
0.0116798766
0.01117973961
0.01069724839
0.01023199502
0.009783568792
0.009351554327
0.008935533464
0.008535086177
0.008149794303
0.007779239211
0.007423004135
0.0070806765
0.006751846056
0.00643610768
0.006133060902
0.005842310842
0.005563467741
0.00529614836
0.005039975978
0.004794580862
0.004559599794
0.004334677476
0.004119466059
0.003913623746
0.003716818057
0.003528723726
0.00334902294
0.003177406034
0.003013571026
0.002857224084
0.002708078828
0.002565857023
0.002430287888
0.002301108558
0.002178063849
0.002060906263
0.001949395635
0.001843299251
0.001742391731
0.001646454912
0.00155527785
0.001468656468
0.001386393444
0.001308298553
0.001234187977
0.001163884299
0.00109721662
0.001034020213
0.0009741362883
0.0009174120496
0.0008637006395
0.0008128606132
0.0007647561142
0.0007192566409
0.0006762368721
0.0006355765508
0.0005971603096
0.0005608774954
0.0005266221706
0.0004942928208
0.0004637922975
0.0004350275558
0.0004079097125
0.0003823537554
0.0003582784848
0.0003356063098
0.0003142631904
0.0002941785497
0.0002752849541
0.0002575182298
0.0002408172295
0.0002251236583
0.000210382088
0.0001965397532
0.0001835464936
0.0001713546226
0.0001599188254
0.000149196072
0.0001391455153
0.0001297283889
0.000120907971
0.0001126493953
0.0001049196435
0.00009768745804
0.00009092321852
0.00008459892706
0.00007868807734
0.00007316562551
0.00006800788105
0.00006319247768
0.00005869831148
0.00005450544268
0.00005059506293
0.00004694944437
0.00004355187048
0.00004038659245
0.0000374387746
0.00003469445437
0.00003214049502
0.00002976453106
0.00002755494825
0.00002550082172
0.00002359189239
0.00002181852687
0.00002017168117
0.00001864287151
0.00001722413981
0.00001590802822
0.00001468754272
0.00001355613858
0.0000125076831
0.00001153643916
0.00001063703803
9.804460205E-6
9.034012692E-6
8.321310816E-6
7.662258213E-6
7.053032732E-6
6.490065061E-6
5.970025995E-6
5.489811429E-6
5.046527349E-6
4.637478469E-6
4.260153219E-6
3.912213742E-6
3.591483846E-6
3.295940132E-6
3.023700401E-6
2.773015012E-6
2.542258471E-6
2.329921244E-6
2.134601573E-6
1.954998424E-6
1.789905241E-6
1.638203003E-6
1.498854203E-6
1.370897962E-6
1.253443884E-6
1.145667738E-6
1.046806801E-6
9.561551906E-7
8.73060344E-7
7.969190392E-7
7.27173699E-7
6.63309379E-7
6.048506975E-7
5.513587098E-7
5.02428577E-7
4.576868662E-7
4.167893337E-7
3.794187649E-7
3.452828423E-7
3.141125262E-7
2.856600929E-7
2.596975719E-7
2.360153388E-7
2.144206519E-7
1.947363586E-7
1.767996878E-7
1.604611839E-7
1.455836127E-7
1.320410803E-7
1.197180524E-7
1.085086225E-7
9.831570225E-8
8.905033866E-8
8.063104673E-8
7.298322657E-8
6.603859504E-8
5.973469541E-8
5.401439296E-8
4.882546278E-8
4.412018129E-8
3.985494601E-8
3.598994525E-8
3.248884184E-8
2.931846765E-8
2.644857844E-8
2.385159625E-8
2.15023821E-8
1.937803695E-8
1.745769751E-8
1.572237807E-8
1.415479201E-8
1.273921857E-8
1.146135986E-8
1.030821561E-8
9.267976608E-9
8.329910983E-9
7.48427631E-9
6.72222944E-9
6.035744793E-9
5.417543747E-9
4.861027136E-9
4.360212635E-9
3.909681023E-9
3.504524004E-9
3.140297355E-9
2.812979405E-9
2.518931508E-9
2.254863185E-9
2.017799705E-9
1.805052996E-9
1.614194556E-9
1.443031583E-9
1.289584661E-9
1.15206733E-9
1.028868657E-9
9.18535692E-10
8.197589274E-10
7.313585293E-10
6.522716811E-10
5.815415371E-10
5.183068974E-10
4.61792965E-10
4.113027696E-10
3.662098125E-10
3.259510439E-10
2.900205631E-10
2.579640945E-10
2.2937377E-10
2.038835906E-10
1.811652217E-10
1.609242184E-10
1.428966528E-10
1.268459782E-10
1.125603361E-10
9.98500102E-11
8.85451712E-11
7.849385725E-11
6.956014237E-11
6.162249877E-11
5.45722946E-11
4.83124582E-11
4.275629503E-11
3.78264052E-11
3.345369468E-11
2.957652526E-11
2.613991835E-11
2.309485936E-11
2.039766619E-11
1.800941687E-11
1.589545162E-11
1.402491144E-11
1.237033306E-11
1.090728636E-11
9.614043069E-12
8.471287907E-12
7.461855786E-12
6.570498052E-12
5.783673453E-12
5.089361224E-12
4.476894116E-12
3.936809646E-12
3.460716306E-12
3.041176685E-12
2.67159927E-12
2.346146064E-12
2.059646941E-12
1.807526026E-12
1.58573404E-12
1.390689538E-12
1.219225567E-12
1.068542932E-12
9.361682436E-13
8.199169967E-13
7.178602331E-13
6.2829543E-13
5.497205881E-13
4.808106495E-13
array of X[1] with 60 elements
0
0.1208658144
0.2271230817
0.3205374777
0.4026612639
0.4748590887
0.5383306742
0.5941306949
0.64318645
0.6863129735
0.7242270112
0.7575585842
0.7868614197
0.8126226068
0.8352701068
0.8551803231
0.8726840615
0.8880722523
0.9016004801
0.9134936333
0.9239493012
0.9331412315
0.9412221313
0.9483264089
0.9545719624
0.9600626826
0.9648897052
0.9691333175
0.9728640914
0.9761438966
0.9790272713
0.9815621376
0.9837906361
0.9857498407
0.9874721766
0.9889863729
0.9903175235
0.9914878011
0.9925166368
0.9934211373
0.9942162633
0.9949153662
0.9955298901
0.9960702062
0.996545136
0.9969627261
0.9973298311
0.9976525903
0.9979363084
0.9981857538
0.9984049797
0.9985978007
0.9987672567
0.9989162683
0.9990472794
0.9991623759
0.9992636442
0.999352634
0.9994308949
0.9994996786
