*******************new*record*******************
nY= 2
nX= 2
Y[0]= 0.150000006
Y[1]= 1
array of X[0] with 400 elements
1
0.9997800589
0.9991214275
0.9980275035
0.9965039492
0.9945584536
0.9922010899
0.9894436598
0.9863001108
0.9827859998
0.9789186716
0.9747167826
0.9702004194
0.9653908014
0.9603101611
0.9549813867
0.9494279623
0.9436738491
0.9377431273
0.9316599369
0.9254481196
0.9191313386
0.9127326012
0.9062742591
0.8997778296
0.893263936
0.8867520094
0.8802604079
0.873806119
0.8674047589
0.8610705733
0.8548163772
0.8486534953
0.8425917029
0.8366393447
0.8308031559
0.8250885606
0.8194995522
0.8140387535
0.8087074757
0.8035057783
0.7984325886
0.7934858799
0.7886625528
0.7839586139
0.7793693542
0.7748893499
0.7705125213
0.7662324905
0.762042284
0.7579346299
0.7539021969
0.7499374151
0.7460325956
0.742180109
0.7383725047
0.7346023917
0.7308624983
0.7271459103
0.7234460115
0.7197563648
0.7160710692
0.7123844624
0.7086913586
0.7049869299
0.7012668252
0.6975269318
0.6937637925
0.6899742484
0.6861554384
0.6823050976
0.6784211993
0.6745020747
0.6705464721
0.6665533781
0.6625221372
0.658452332
0.6543437839
0.6501966715
0.6460112333
0.6417879462
0.637527585
0.633230865
0.6288987398
0.624532342
0.6201328039
0.6157013178
0.6112392545
0.6067479849
0.6022289395
0.5976834297
0.5931130648
0.588519156
0.5839032531
0.5792668462
0.5746113658
0.5699381828
0.5652487874
0.56054461
0.5558269024
0.551097095
0.5463564396
0.5416062474
0.5368478298
0.5320822597
0.5273109078
0.5225347281
0.5177550316
0.5129727721
0.5081890821
0.5034049749
0.4986214936
0.4938395619
0.4890601933
0.4842842519
0.4795126915
0.4747463763
0.4699862003
0.4652329683
0.4604875147
0.4557506442
0.4510231316
0.4463057518
0.4415992498
0.436904341
0.4322218001
0.427552253
0.4228964448
0.4182550311
0.4136286676
0.4090180099
0.4044236541
0.3998462856
0.3952864408
0.3907447159
0.3862217367
0.3817180693
0.3772342205
0.3727707565
0.3683282137
0.3639070988
0.3595079482
0.3551312089
0.3507773876
0.3464469314
0.3421403468
0.3378580213
0.3336004317
0.3293679655
0.3251610696
0.3209801018
0.3168254793
0.3126975596
0.3085967004
0.3045232892
0.3004775941
0.2964600027
0.2924708128
0.2885103226
0.28457883
0.2806766033
0.2768039405
0.2729610801
0.2691482604
0.2653657198
0.2616136968
0.2578924
0.254202038
0.2505427897
0.2469148338
0.243318364
0.2397535145
0.2362204343
0.2327192873
0.2292501777
0.2258132398
0.2224085778
0.2190362811
0.2156964391
0.2123891562
0.2091144621
0.2058724463
0.2026631385
0.1994865984
0.1963428557
0.1932319254
0.1901538074
0.1871085465
0.1840961128
0.1811164916
0.1781696826
0.1752556413
0.1723743379
0.1695257276
0.1667097658
0.1639263779
0.1611755192
0.1584571004
0.1557710469
0.1531172693
0.1504956782
0.1479061693
0.1453486383
0.1428229511
0.1403290182
0.1378666908
0.1354358494
0.1330363601
0.130668059
0.1283308119
0.1260244548
0.1237488389
0.1215037927
0.1192891523
0.117104739
0.1149503812
0.1128258854
0.1107310653
0.1086657345
0.106629692
0.104622744
0.1026446894
0.100695312
0.09877440333
0.0968817547
0.09501714259
0.09318035096
0.09137116373
0.08958934247
0.08783466369
0.0861068964
0.08440580964
0.08273117244
0.08108273894
0.0794602707
0.07786352187
0.07629226148
0.07474623621
0.07322520018
0.07172890753
0.07025711238
0.06880955398
0.0673859939
0.06598616391
0.06460982561
0.06325671822
0.06192658842
0.06061917916
0.05933423713
0.05807150155
0.05683072284
0.05561164021
0.05441399664
0.05323753506
0.05208200216
0.0509471409
0.04983269423
0.04873840511
0.04766402021
0.04660928249
0.04557393864
0.04455773905
0.04356042668
0.04258174822
0.04162145779
0.04067930207
0.03975502774
0.03884839267
0.03795915097
0.03708704934
0.03623184934
0.03539330512
0.03457117453
0.03376521915
0.03297520056
0.0322008729
0.03144201264
0.03069837391
0.02996972948
0.02925584838
0.02855649963
0.02787145413
0.02720048837
0.02654337883
0.02589990012
0.02526983432
0.02465296164
0.02404906414
0.02345793135
0.02287934721
0.02231310122
0.02175898664
0.02121679671
0.02068632469
0.02016737126
0.0196597334
0.01916321553
0.01867762022
0.01820275374
0.0177384261
0.01728444546
0.01684062555
0.01640678197
0.01598273218
0.0155682927
0.01516328845
0.01476754155
0.01438087877
0.01400312688
0.01363411825
0.01327368431
0.01292166021
0.01257788297
0.0122421924
0.01191442925
0.01159443799
0.01128206402
0.01097715553
0.01067956258
0.01038913894
0.01010573842
0.009829216637
0.009559434839
0.009296252392
0.009039533325
0.008789142594
0.008544947952
0.008306819014
0.008074626327
0.007848246023
0.007627550978
0.007412420586
0.007202734239
0.006998374127
0.006799223367
0.006605167873
0.006416095421
0.006231895648
0.006052460521
0.005877682939
0.005707458127
0.00554168364
0.005380257964
0.005223082844
0.005070060026
0.004921094514
0.004776092712
0.004634961952
0.004497611895
0.004363954533
0.00423390232
0.004107370507
0.003984275274
0.003864534665
0.003748067887
0.003634796711
0.003524643369
0.003417532658
0.00331338984
0.003212142736
0.003113719635
0.003018051153
0.002925069071
0.002834705869
0.002746896585
0.00266157696
0.002578684129
0.002498156857
0.002419934608
0.002343958709
0.002270171652
0.00219851709
0.002128939843
0.002061386127
0.001995803323
0.001932139508
0.001870344742
0.001810369547
0.001752165961
0.001695686718
0.001640885952
0.001587718842
0.001536141499
0.001486110967
0.001437585335
0.001390523859
0.001344886725
0.0013006347
0.001257729833
0.001216134988
0.001175814075
0.001136731473
0.001098852837
0.001062144525
0.001026573591
0.00099210802
0.0009587166132
0.0009263688116
0.0008950349875
0.0008646861534
array of X[1] with 60 elements
0
0.1974812001
0.355963558
0.4831486642
0.5852170587
0.6671289206
0.7328646779
0.7856189013
0.8279551268
0.861930728
0.8891968131
0.9110783935
0.9286386967
0.9427312613
0.9540407658
0.9631168246
0.9704005718
0.9762458801
0.9809368849
0.9847015142
0.9877226353
0.9901471734
0.992092967
0.9936544299
0.994907558
0.9959132075
0.996720314
0.9973679781
0.9978877306
0.9983049035
0.9986396432
0.9989082813
0.9991238713
0.9992969036
0.9994357228
0.9995471835
0.9996365905
0.9997083545
0.9997659326
0.9998121858
0.9998492599
0.9998790622
0.999902904
0.9999220967
0.9999374747
0.9999498129
0.9999597073
0.9999676943
0.999974072
0.999979198
0.9999833107
0.999986589
0.9999892712
0.9999913573
0.9999930859
0.9999944568
0.9999955297
0.9999964237
0.999997139
0.9999976754
