*******************new*record*******************
nY= 2
nX= 2
Y[0]= 0.4499999881
Y[1]= 0.4650000036
array of X[0] with 400 elements
1
0.9994062185
0.9976283908
0.9946765304
0.9905676842
0.985325098
0.9789785147
0.9715636969
0.9631220698
0.9537003636
0.9433502555
0.932127893
0.920093298
0.9073098898
0.8938440681
0.8797644377
0.8651412725
0.8500462174
0.8345511556
0.8187282681
0.8026490808
0.7863838673
0.7700015903
0.7535689473
0.7371502519
0.7208067775
0.7045966387
0.6885743141
0.6727904677
0.6572916508
0.6421200633
0.6273136735
0.6129059196
0.5989257097
0.5853973627
0.5723409653
0.559771955
0.547701776
0.5361375809
0.5250828266
0.514537096
0.5044965744
0.4949543476
0.4859004021
0.477322191
0.4692047834
0.4615311325
0.4542824626
0.4474384189
0.440977484
0.4348772466
0.4291144907
0.4236656725
0.4185069799
0.4136146903
0.40896523
0.4045355022
0.4003029168
0.3962455988
0.3923425674
0.388573736
0.3849200606
0.3813636303
0.3778876662
0.374476552
0.3711159825
0.367792815
0.3644950986
0.361212194
0.3579345345
0.3546537459
0.3513625562
0.3480547369
0.3447251022
0.3413693309
0.3379840553
0.334566623
0.3311152756
0.3276288211
0.3241067231
0.3205490112
0.3169562221
0.3133293092
0.309669584
0.305978775
0.3022587299
0.2985117137
0.2947399914
0.290946126
0.2871326804
0.2833023071
0.2794577777
0.2756018043
0.2717371285
0.2678664327
0.263992399
0.2601176202
0.2562446594
0.2523759305
0.2485138476
0.2446606606
0.2408185452
0.2369896024
0.2331757843
0.2293789834
0.2256009877
0.2218434364
0.2181079388
0.2143959552
0.2107088715
0.2070480138
0.2034145743
0.1998096853
0.1962344199
0.1926897317
0.1891765296
0.185695678
0.1822479367
0.178834036
0.1754546314
0.1721103191
0.1688016802
0.1655292064
0.1622933596
0.159094587
0.155933246
0.1528096795
0.1497242153
0.1466771215
0.1436686367
0.1406989694
0.1377682984
0.1348767877
0.1320245713
0.1292117238
0.1264383346
0.1237044632
0.1210101321
0.1183553562
0.1157401204
0.1131643876
0.1106281132
0.1081312224
0.1056736261
0.1032552198
0.1008758768
0.09853546321
0.09623381495
0.0939707756
0.091746144
0.08955972642
0.08741131425
0.08530067652
0.08322757483
0.08119175583
0.07919295877
0.07723090798
0.07530532032
0.07341589779
0.07156232744
0.06974431127
0.067961514
0.06621360779
0.06450024992
0.06282109022
0.06117577106
0.05956393853
0.05798521638
0.05643923208
0.05492560193
0.05344394594
0.05199386925
0.05057497695
0.04918686673
0.04782913998
0.04650139064
0.0452032052
0.04393417016
0.04269387573
0.04148190469
0.04029783234
0.03914124519
0.03801172227
0.0369088389
0.0358321704
0.03478129953
0.03375580162
0.0327552557
0.03177923709
0.03082732856
0.02989910915
0.02899415977
0.02811206505
0.02725240961
0.02641477995
0.02559876442
0.02480395697
0.02402994968
0.02327634022
0.02254272625
0.0218287129
0.02113390528
0.02045791224
0.01980034634
0.01916082576
0.01853896864
0.01793440059
0.01734674722
0.01677564532
0.01622072607
0.01568163373
0.01515801344
0.01464951225
0.01415578648
0.0136764925
0.01321129594
0.01275986433
0.01232186984
0.01189699024
0.01148490794
0.01108531095
0.01069789007
0.01032234449
0.009958376177
0.009605690837
0.009264001623
0.008933025412
0.008612484671
0.008302106522
0.008001621813
0.007710769307
0.007429290563
0.007156932261
0.006893446203
0.006638589315
0.006392123178
0.00615381496
0.005923435558
0.005700760521
0.005485571455
0.005277654156
0.005076797679
0.004882798065
0.004695453681
0.004514569417
0.004339952953
0.004171417095
0.004008779302
0.00385186146
0.003700488713
0.003554491093
0.003413702827
0.003277962096
0.003147111041
0.003020995995
0.002899467014
0.00278237788
0.002669586567
0.002560954308
0.002456346294
0.002355630975
0.002258680994
0.002165371552
0.002075582044
0.00198919489
0.001906095655
0.00182617316
0.001749319723
0.00167543022
0.001604402787
0.001536138705
0.001470541814
0.001407518983
0.001346979756
0.001288836473
0.001233004034
0.001179400017
0.001127944328
0.001078559668
0.001031170716
0.0009857049445
0.0009420917486
0.0009002630832
0.0008601527661
0.0008216969436
0.0007848337409
0.000749503437
0.0007156480569
0.0006832117215
0.0006521403557
0.0006223816308
0.0005938850227
0.0005666017532
0.0005404846743
0.0005154883256
0.0004915686441
0.0004686832544
0.0004467912368
0.0004258530971
0.0004058306804
0.0003866872867
0.0003683874675
0.0003508970549
0.0003341831616
0.0003182140063
0.000302959088
0.0002883889247
0.0002744752273
0.0002611906384
0.0002485089353
0.000236404856
0.0002248540259
0.0002138330747
0.0002033194905
0.0001932916493
0.0001837287418
0.0001746107882
0.0001659185509
0.0001576335926
0.00014973816
0.0001422152563
0.0001350485109
0.0001282222365
0.0001217213648
0.000115531453
0.0001096386259
0.0001040295829
0.00009869157657
0.0000936123688
0.000088780238
0.00008418395009
0.00007981275121
0.00007565630949
0.00007170475146
0.00006794862566
0.0000643788735
0.00006098682206
0.00005776416947
0.00005470298493
0.00005179566506
0.00004903495574
0.00004641389751
0.00004392585834
0.00004156448631
0.00003932370964
0.00003719773667
0.00003518102312
0.00003326827937
0.00003145445226
0.00002973472147
0.0000281044795
0.00002655933349
0.00002509508704
0.000023707742
0.00002239348032
0.00002114866402
0.00001996982428
0.00001885365054
0.00001779699051
0.00001679684283
0.00001585034261
0.0000149547659
0.00001410751429
0.00001330611576
0.00001254821746
0.00001183157929
0.0000111540694
0.00001051365871
9.908419088E-6
9.336514267E-6
8.796200746E-6
8.285817785E-6
7.80379014E-6
7.34861942E-6
6.918880445E-6
6.513221251E-6
6.130357178E-6
5.769067684E-6
5.428195436E-6
5.106639492E-6
4.803357115E-6
4.517357866E-6
4.247701781E-6
3.993498467E-6
3.753901865E-6
3.528111165E-6
3.315366484E-6
3.114947503E-6
2.926172328E-6
2.748393854E-6
2.580999762E-6
2.423410024E-6
2.275075303E-6
2.135475597E-6
2.004118187E-6
1.880537638E-6
1.76429262E-6
1.654966354E-6
1.552164122E-6
1.455512916E-6
array of X[1] with 60 elements
0
0.1548293531
0.2856865823
0.3962832689
0.4897563457
0.5687570572
0.6355261207
0.6919573545
0.739651382
0.77996099
0.8140295148
0.8428232074
0.8671587706
0.8877264857
0.9051097631
0.9198015332
0.9322186112
0.9427131414
0.951582849
0.9590792656
0.9654150009
0.970769763
0.9752954245
0.9791204333
0.9823532104
0.9850854278
0.9873946905
0.9893463254
0.9909958243
0.9923899174
0.993568182
0.9945640564
0.995405674
0.9961169958
0.9967182279
0.9972263575
0.9976557493
0.9980187416
0.9983254671
0.9985847473
0.998803854
0.9989890456
0.9991455674
0.9992778897
0.999389708
0.9994841814
0.9995640516
0.9996315241
0.9996885657
0.9997367859
0.9997775555
0.999812007
0.999841094
0.9998657107
0.9998865128
0.9999040961
0.9999189377
0.9999314547
0.9999420643
0.9999510646
